,0,1,2,3,4,5,6,7,8,9,10,11,12,13,14,15,16,17,18,19,20,21,22,23,24,25,26,27,28,29,30,31,32,33,34,35,36,37,38,39,40,41,42,43,44,45,46,47,48,49,50,51,52,53,54,55,56,57,58,59,60,61,62,63,64,65,66,67,68,69,70,71,72,73,74,75,76,77,78
0,0.0,26.64221725982378,52.91390281057395,58.03740827894696,53.277100364258644,105.18400028212301,108.21314523404067,421.58347798922773,202.78717099565498,160.109195632919,81.54192834273883,59.82585569056497,211.94079496453196,206.33892723149222,206.08836745606757,243.39232369306768,47.94548357673947,71.47221111278853,101.83951081576845,212.29842936319722,122.67304350683546,109.44442108182393,90.60755542318157,393.34086517326875,134.8138644416072,64.72842919772103,101.62924646846666,76.66788087826913,78.35413697881039,129.46396600770157,214.9660759655909,132.681015351293,43.28058867294503,200.41205687734177,39.8707909222854,144.76957077714547,59.05443532013479,46.19381656995101,263.32803031394724,483.31944452991644,375.7155447675608,384.31944452991644,235.56205734587527,218.83613098969167,414.56205734587553,361.1504987397203,543.3517106406717,361.17445779521245,337.58347798922773,634.0692832082372,416.15904369130993,494.02490242400904,356.17445779521245,546.4493367219268,438.25110469019603,363.4134572419285,350.1104664481808,337.85228574421313,460.38362120977047,329.44933672192684,331.62785877345596,368.41707061117154,295.97902860979394,174.59080338694278,361.8398823322568,543.4170706111715,506.4777238151612,128.07312970968198,304.5834779892278,343.4777238151613,339.3736803042455,403.4170706111714,200.37241109817535,126.3454313410214,353.4777238151613,185.9462725553044,255.31944452991618,139.38674001199155,395.765437601197
1,26.64221725982378,0.0,50.139708620871666,50.54203804188554,45.00078260934261,96.56348000393656,99.98235892275791,417.17228542499083,195.1978350684204,151.33752542103502,80.57883897188056,51.19385829985977,207.86467153491745,210.2770868297209,195.19086910409374,231.5781449466633,45.450164100278414,68.22960248456293,106.3191297881128,204.8444385989677,113.87325571077,110.34386107198253,84.98723732881683,388.8154171013897,132.64519407974518,56.93405633496916,96.144820950098,83.31556968566379,64.89840501157379,124.10935883984456,212.39707262588027,135.0627420435327,38.78319786932604,189.27650733529325,32.58495347458917,147.60549972562487,53.234470186039324,45.94862385790579,251.89272730936733,489.1723075597111,375.31457121917305,390.3369132652443,243.97098909905003,224.82890103492952,420.8496826910709,358.4647372164668,542.2618578183461,358.77031613131294,336.7703161313128,633.701411809372,415.19804349250137,492.63759748352743,359.23818785679487,539.8601301524325,437.97414403231033,363.2447016555021,350.3301234530861,339.24186980843655,453.08908253018404,328.1529425224246,331.8341304571574,367.28769119192043,289.65159310076086,181.02449849893563,364.47026855175227,542.5008232881012,513.6194609871696,131.54912785711852,305.36129593729754,347.73020330087127,342.1373964771066,405.78586836522595,199.5145439402575,129.9790255309643,360.61946098716976,184.78586836522592,257.3569375052099,141.93008719694015,397.6039087532565
2,52.91390281057395,50.139708620871666,0.0,57.936735155739775,49.15975774349648,91.84145822012624,101.14391740235455,391.5305055644467,192.2801576148487,149.8145280079652,76.65219130796295,31.05378846173991,182.22263644271612,175.04774219371703,186.5809108932761,210.22340641295008,32.486978775136045,58.972874891970704,130.44043619609235,197.59840565374702,87.3073253499924,100.56143132201365,79.05010001426595,376.12810208851255,121.49933266481904,54.336104210426534,97.79905815996334,74.49555982114882,55.85410779979403,93.40721141813228,175.0,134.42396689969613,42.96881542631776,185.6151892711857,63.34229172974213,140.63624434695845,52.83656726036513,73.66586268691078,246.57148814812751,462.6578951882373,355.6578951882378,365.248874994222,223.3857336361146,208.25241123326157,394.43083460619175,348.6812191489346,524.6578951882377,338.2075689241891,316.20756892418905,612.6578951882377,399.2075689241889,477.4501817401482,333.7378955261838,524.7137307294727,424.980508342143,341.9805083421428,329.980508342143,315.9032763160987,445.39684239200875,309.36834768084907,314.4308346061913,345.980508342143,284.2178532899054,162.4294851810565,347.660953922555,521.0913195817733,494.11736698403547,122.82533054540414,287.9805083421431,335.14865028671557,325.6321413521174,384.1624679541122,197.0938101885348,137.89454657132893,341.1173669840357,170.1837931352931,235.4253036580657,137.72139183475477,391.3599797999946
3,58.03740827894696,50.54203804188554,57.936735155739775,0.0,64.93805287458147,75.6329273244781,79.29484591791022,380.0361269771796,158.62512633220206,126.94863325338667,65.99115770385944,56.89947958582678,177.8973716476279,175.14780370370502,167.13196075995808,212.26911011168448,54.34475156055751,58.14664985211799,148.21499569295855,179.95254241198302,87.61764766031158,75.10926669403015,76.57639569634378,358.9528905099273,100.0839402179006,57.7575120772657,87.32969753531931,54.01513310460666,64.79500863168663,90.98898587288448,180.07232235006296,108.7648040664003,59.19701261004643,164.86287583971745,74.36218769808394,121.54362577450007,47.05212532599071,70.74859535881714,226.32080747387374,454.11857965134124,342.87145564979613,355.6018119929286,208.6198052425736,194.71431337563604,387.4824988752799,330.4593981356464,510.3443710273173,327.31680973386585,305.31680973386585,602.4051623613177,383.8923754359479,461.66404564783204,323.9077895398505,511.4182791718237,406.5869838432764,333.55956067983544,320.7980556417841,317.0721192529561,423.2524268017121,300.2704395577192,302.17923285533067,337.74138216179426,263.0513658193055,159.8221907014788,329.096209414166,512.7413821617943,474.74138216179415,102.82241130751261,274.4381161418454,312.7078468449688,310.35668128171426,372.74138216179426,168.505486983398,109.43396726881221,321.74138216179415,152.80203536578375,223.4861650519377,115.9870310219064,365.6200757538146
4,53.277100364258644,45.00078260934261,49.15975774349648,64.93805287458147,0.0,101.41087637013636,94.12023260150957,398.07566536377954,184.46927107502069,147.14400015581424,77.27106510122867,54.05797619424567,198.5387887277366,200.09121759769263,182.5550555965155,231.59580911944846,39.26702972936276,64.59701265006296,113.44685362575305,196.99471466219967,114.18831119340763,93.9067297680208,92.78101171997655,381.80828354888774,119.00744401401316,38.90098037442936,98.19770631107507,70.73228903895256,47.87963833596747,124.6313279726835,197.438263975898,125.6210945146905,33.67205487814206,178.5877018034187,46.27064550404135,135.82354396325053,46.14400015581427,55.4707370067119,246.72182435700182,474.1822864209316,365.30511074802416,378.75248457077515,237.32628657674564,219.56736399450858,402.2429396249214,348.4397249898178,532.4925084627789,346.4996499767004,324.4996499767004,621.9864420722179,403.0752156787826,478.9864420722188,346.2725893946543,526.661171153012,426.6985901561725,352.63448362039617,333.8609440832712,336.4719869677269,445.4450902699671,317.6210945146905,324.089041313025,353.7422627926595,279.24736543723674,179.7197308336924,344.41648851689905,528.7422627926595,505.0610810465214,115.36550870939942,293.3261010847225,342.0610810465215,327.7957744827277,397.6133882389033,187.75924336016215,127.70117946864822,352.06108104652145,172.9011020249391,244.06098001295192,131.36624541965256,392.0174084100343
5,105.18400028212301,96.56348000393656,91.84145822012624,75.6329273244781,101.41087637013636,0.0,67.20016560681364,335.93770699455507,132.39324266969265,80.38273001144827,100.29018247477951,84.19497563725116,122.92074244033762,124.3854593147604,125.63204265481768,162.05859473748828,101.14181218844595,78.12360417778302,193.3191297881128,125.15281727674193,48.651245063539,75.63760534754644,66.1856743368745,312.63394302464053,81.6496426084793,83.18729195625484,79.39907953376691,71.56032077233489,81.47030775054768,55.38956806880107,152.16724133801284,83.65012382428654,105.08744242710634,119.84537659558434,117.72478631020242,74.27234618222583,83.21444407946842,118.59364563190755,180.06299116805644,412.1328057035332,297.6111510154189,313.619844511245,163.63195982131674,169.62365720882107,342.63195982131714,280.5238296323847,466.41320239612185,286.9976717299684,258.1034259040348,553.3525491921321,334.0429632186557,418.03726987325604,282.3617814725177,463.62219243416126,357.3525491921321,290.07406768648184,278.07406768648207,263.4956337450692,374.0188694294867,254.91132028562072,255.73771399538316,295.76758068489016,227.50736168127725,123.58260748576714,297.74970801055724,469.1766008789054,437.9683135124153,84.09130450133462,229.61329988567024,276.5649465859258,277.9739667799413,329.0740676864819,131.55059409774853,85.33298107417914,284.9683135124156,118.91352677651564,193.06789523484252,90.65393027932141,325.66504749246656
6,108.21314523404067,99.98235892275791,101.14391740235455,79.29484591791022,94.12023260150957,67.20016560681364,0.0,342.6978977995106,123.41291881737754,84.25685119636037,64.22065902948555,86.61440712244247,141.29716015712728,139.3011003797244,116.69789779951087,185.62031063791483,80.7304730749669,57.37059739917274,185.83692260689668,149.1283502089628,78.34126652340636,54.240826381755134,71.08051825507864,318.95534320114984,83.60458574900568,78.22599835793163,51.32598154094808,68.82570310722225,75.61042573903278,86.73649535471274,166.77225572067357,78.73208303831383,99.38283719463283,117.56375653220992,119.47091815422253,106.67272300152145,83.75099456372924,110.16624303084822,172.70230212735765,409.4017063302002,300.4472569880947,313.6967533301658,169.50634601313783,160.6877796392991,333.41745923338925,269.7074031991481,460.3590362091226,280.6978977995105,259.3025855333134,542.1618006232613,333.26572740492276,407.9111605861657,278.3495308094849,463.6978977995105,346.52544358717876,281.14759482427263,267.6978977995105,275.4439955903211,373.3597601945452,235.916261657956,253.573986016108,297.0235206435959,207.69789779951049,135.8246262191171,279.6978977995105,458.6978977995105,442.97161508329583,80.07449293542642,216.4883425967593,274.66834906334685,268.99313582400265,323.47083721746446,136.8419724474429,68.47281368591115,289.9716150832957,106.00703612731137,178.1428464988013,82.81492350680668,328.81471310487706
7,421.58347798922773,417.17228542499083,391.5305055644467,380.0361269771796,398.07566536377954,335.93770699455507,342.6978977995106,0.0,250.15976909475458,273.78188178456435,379.9212074235877,389.61325683447245,243.42532471331765,245.65858732699053,230.49706201956755,267.2848209469665,388.3346749581611,378.167987977265,503.37978299210255,280.02917594243064,320.9177193018137,339.44351880940917,369.48357789389036,214.55515883509378,333.121344164972,382.33441375895916,351.8600835124052,368.23454426534494,363.85185409588235,318.5249955893631,258.8103440160631,329.8274915039429,408.7821928707476,243.3971009161804,431.54414731005323,317.7156662034904,377.87299292170576,426.2006716587591,207.12514597585354,230.66286379060477,214.40058755671652,190.0636983816676,283.6446094123349,309.58683627698366,150.26522824734667,182.5455931451746,253.78804022168674,174.7754543578526,162.69592779348022,294.99960260150823,149.69452391948437,185.61865186536542,203.73369430361606,222.07110268253263,186.53960764220813,209.0746208730455,213.2637541899862,255.2413462020274,178.18829753540487,239.0783858152013,227.23338847773854,238.1818689146657,240.74502377888783,337.3404760508806,199.88451054562427,244.81171553118594,226.90354242308075,337.28340054302055,228.0491646003021,209.08376275392573,233.30994527484273,160.9317107328863,292.54674203822304,340.2045680156728,207.40535231179635,281.75509750529073,251.4109959357834,319.9626602062676,190.52187794738538
8,202.78717099565498,195.1978350684204,192.2801576148487,158.62512633220206,184.46927107502069,132.39324266969265,123.41291881737754,250.15976909475458,0.0,95.19863196125563,145.65062560171594,186.13387385793612,117.05512175699778,119.20416623626798,67.46276566789452,137.48427455674093,171.3256062858835,161.687580197924,283.13088893763336,122.40297948452259,147.42383131974486,123.82614520052068,170.96904853109493,259.8440442762818,138.54858092226686,167.39413965352264,128.43173155142648,152.9278907287764,154.27073699329677,120.42686721982899,114.40615007195316,121.54408130101595,191.9345017222222,59.875423350172035,215.47462965733726,119.65731027036048,169.6235614575714,196.94875464985034,127.22231871465104,342.7577901805514,220.29662773664722,247.97265815971585,138.65973870398665,137.40643048244507,260.3502331321225,198.10389599489653,390.0592568496861,207.7818533685655,181.2448793638193,454.5025261792161,253.29057625233028,319.61564469736885,214.97936521444777,385.47858734861654,265.07651584833735,222.88167800739538,197.9638129805347,231.48319051747328,293.35445642604975,178.16177255181853,193.45430627453376,239.89104430102628,140.09091546151217,133.87842496322156,228.4232329372501,383.13022035859103,379.6014494882586,125.81807712206206,158.86320703005896,212.80855350854435,206.80456665371307,260.1006716224273,131.59077323133445,126.40804410388975,226.60144948825857,84.2249725143104,135.66225374300814,127.28043020465918,267.29818346830973
9,160.109195632919,151.33752542103502,149.8145280079652,126.94863325338667,147.14400015581424,80.38273001144827,84.25685119636037,273.78188178456435,95.19863196125563,0.0,125.18654420050152,139.93976774008087,81.15891477156798,98.0595385786227,97.97048382627544,156.31402881419896,133.82103343509706,122.06154933020571,247.38970412668243,87.35673763306198,93.76375699605828,102.02382140609413,131.28431061608416,249.74214836672613,102.13300235820277,128.36702176635816,107.26997825552587,115.47117310411855,118.21414028861612,87.4271393780323,132.37726376857123,101.9854569076464,157.75566646345666,92.66918743362469,173.18790967415944,94.3278148010323,135.1066839267333,163.00284142126418,135.41446429599418,380.53540982964216,260.2090660636485,287.7379438251717,136.6208464491259,153.4278475443999,295.62353789329376,221.76849339958372,412.9187404264571,244.13874679133085,205.65194642657272,487.5729638874711,284.7066614075085,351.5548212025183,241.78343751622677,416.52527246635464,294.3122083865592,240.73776587533465,228.04164256668486,252.47502297533617,316.34200938675735,200.45556158812877,219.01184489224863,263.67027509068583,183.30462901661897,111.57794235279934,256.79532224709106,422.89393181144817,406.4055217900376,106.79677590149755,180.54707024140282,242.89553253936273,234.42037570492172,286.9047439242063,102.71303325630278,104.14256381852282,255.53377048309562,89.39181056776155,156.98024215408216,110.22062889905729,294.10225577008885
10,81.54192834273883,80.57883897188056,76.65219130796295,65.99115770385944,77.27106510122867,100.29018247477951,64.22065902948555,379.9212074235877,145.65062560171594,125.18654420050152,0.0,61.43545923689812,173.4611165829404,172.9212074235875,164.91219209867756,225.15925810999894,60.07155494459474,48.172244793400175,153.79241655536094,181.4125680007487,101.99140426326527,70.99976239438708,77.82822636950804,364.0127980491539,111.65388912891606,66.24117831746986,62.374332730796425,74.98439397581662,70.55531014901129,104.6677596630132,182.14842317705896,108.25825022459875,84.19302118027929,166.77174966832177,90.62984223993651,123.11572180648527,68.99758368099853,71.91927115329909,215.6189944808712,451.5947839080936,345.8332012697981,352.5947839080936,207.19557539045505,188.8801722242187,377.55249349603173,319.70159115939214,507.7611912861498,325.0048644928071,303.0048644928071,595.4884590632116,380.2925709653772,454.4240204070927,321.01279804915373,496.82016049584956,399.7611912861498,325.01279804915373,311.9752893339187,316.37172246294676,419.7552824519485,285.29257096537685,300.0048644928071,332.8839127350505,256.35395556709324,158.8596069273906,328.8786567818528,504.01279804915373,481.3922695070056,102.03875450255201,264.4240204070925,313.0890034870563,307.4848342797725,364.01279804915373,180.94785133281573,101.88505637648332,328.39226950700544,143.01279804915328,222.4151871287374,124.61932745789198,371.49408811958256
11,59.82585569056497,51.19385829985977,31.05378846173991,56.89947958582678,54.05797619424567,84.19497563725116,86.61440712244247,389.61325683447245,186.13387385793612,139.93976774008087,61.43545923689812,0.0,181.03558001290625,181.164757066754,183.02170352739302,214.1152703631591,49.40183835334553,36.11424458704164,134.2683977187029,175.99012195230821,91.88274575012345,97.42265971958557,82.14586742147546,377.9659946601951,125.16367634452368,46.93412758501334,71.61705285745512,64.20071234758679,64.01485586331948,100.20231161315763,180.0563616690472,123.31133418666413,56.512019056959815,181.27086843535267,68.40855708049466,140.09491838597725,52.1032960451577,65.39512993686895,233.81270401739408,466.080159554253,357.4891797482685,366.5019334089525,219.0673359734941,205.00885341405737,396.415922679328,342.30798716461936,530.49632126219,342.1584898566442,319.16118869997155,618.3144997802312,399.19319337225147,480.59486428539066,339.8184009138255,507.17694033975255,423.46278594536477,345.75788583984615,332.9021986065701,306.2495950588972,434.1121185172006,311.32213206245234,321.1821184872995,352.69701330720886,283.0677818035541,160.55509153877478,354.74906135891183,530.5671290134379,493.30362654574344,122.50177596449932,285.6716301285373,328.86621925849374,323.6261248363238,384.939707321805,193.72519271894117,118.78472878528106,340.3036265457437,169.87353245407252,239.02000353675976,134.01314418979672,384.0963406864761
12,211.94079496453196,207.86467153491745,182.22263644271612,177.8973716476279,198.5387887277366,122.92074244033762,141.29716015712728,243.42532471331765,117.05512175699778,81.15891477156798,173.4611165829404,181.03558001290625,0.0,53.75087989425604,93.51980526854253,147.0958943636204,188.5518025495098,168.677517296901,302.3561688098572,109.17346562439349,118.43993495856654,153.99012172957808,172.37656688635457,229.9785952570474,125.00433610171515,189.00766769928245,158.44674078347256,164.71642153647633,167.13433845969038,119.28180915013435,96.9529907162055,133.4023497066951,208.3645795298487,106.18785097259057,228.82531106204092,134.99854323040626,187.95513239431244,220.23122261513043,104.72348293815773,344.5196935233203,234.52895358520323,251.5076366065793,104.35826428202448,138.8278958595234,251.26124917635832,219.55312010165744,384.67026937037434,196.28092522633568,167.56276670452036,458.66515171365336,264.8172124930487,321.4935077551397,204.891292224761,365.2157020923747,278.03806761183375,203.5246122229659,183.81750135412648,234.91677415110075,288.60026481990974,181.93730773727933,168.82420083694154,216.89341127863815,155.59332347720982,129.0891507030251,220.97501044425337,378.1082482216078,369.1014573966896,129.13034580577735,137.37675857615517,218.6001086087351,212.9860568076046,252.93979335752647,123.04871984856972,154.1832384689062,232.50369592979547,124.64570815212761,123.38489054340126,151.52977452183075,274.78777132002523
13,206.33892723149222,210.2770868297209,175.04774219371703,175.14780370370502,200.09121759769263,124.3854593147604,139.3011003797244,245.65858732699053,119.20416623626798,98.0595385786227,172.9212074235875,181.164757066754,53.75087989425604,0.0,113.64138626242156,152.33598768700907,179.04927156087587,170.8933752426768,298.0732868879669,116.08047044568507,105.21883972952904,150.37992417263854,164.89973960182732,246.1397965777228,136.18216869614903,194.95649803276999,142.34715345745113,162.684241290107,184.51595562374328,111.88416716331189,103.36473450202561,135.0298794080917,205.14406898185072,104.16602495469274,229.84741333000204,119.23696166094884,186.44652946791305,224.69147693533648,123.99668933920988,321.08859264821575,234.48906398627238,245.13017252567568,97.76360453763976,134.949139094113,241.52400664513522,219.70558815680903,391.6953020423364,212.65469573544763,182.7476543451372,477.5183110095531,278.42214153413363,346.34078787264025,205.26784493113814,374.873537133976,293.65208840767946,201.15937338247966,212.14288561988997,237.20124168932074,314.31982109976985,195.68427395839257,180.78725951101586,234.42419534579813,172.09453716776926,124.85416962835998,207.26946201656693,389.65208840767946,366.0240704722499,132.13499915216633,170.2030310087238,207.2135194775,221.47935810395992,256.0160076316181,105.82377352037093,141.197409428833,235.08082637872127,139.15455017085964,141.10977173313935,136.7641777435551,272.75939831340816
14,206.08836745606757,195.19086910409374,186.5809108932761,167.13196075995808,182.5550555965155,125.63204265481768,116.69789779951087,230.49706201956755,67.46276566789452,97.97048382627544,164.91219209867756,183.02170352739302,93.51980526854253,113.64138626242156,0.0,130.77606907464093,170.93741915375932,162.09272194511578,282.0045533050498,118.81945788356856,135.18688028785823,124.5736892872431,163.14649836351578,236.9711398124947,115.42964258848882,166.33283380025142,126.92073671639487,142.68550730739693,147.7329605645564,108.92746207577235,108.70958303484544,108.15065940501715,182.53253079809082,39.56994151509212,214.63148823032483,120.70573227497152,169.84311450619296,208.14916645804635,116.43973850892347,321.74471129361046,194.98134423857718,227.5607685580436,123.34739665788713,134.223782853516,255.10863051754916,190.8334336930398,374.6820647992899,175.14354680595122,167.88827809312255,449.431260591987,234.02224039797167,319.66691085647636,190.33569109959512,373.0324250796463,272.5528549868207,217.8011193207222,175.21250078478872,199.7709578071898,286.1371293762905,167.29899109558897,181.44685272444107,215.11696580614208,126.60360776316166,126.39465193585266,191.224750040961,350.49191379597676,354.42744877141104,109.63143998482663,130.2197522438541,196.4488635592548,182.35964429957875,245.53320294547754,105.17226103578803,118.27465476508117,201.42744877141106,72.47885373728239,99.88746358698648,100.13512715615623,244.5403444593991
15,243.39232369306768,231.5781449466633,210.22340641295008,212.26911011168448,231.59580911944846,162.05859473748828,185.62031063791483,267.2848209469665,137.48427455674093,156.31402881419896,225.15925810999894,214.1152703631591,147.0958943636204,152.33598768700907,130.77606907464093,0.0,222.6521726002027,211.60098966674423,328.3862004217633,164.4860659710148,155.59929231279662,192.33592495951683,188.724064084328,263.81765642999517,191.3368143165403,228.00162427911948,190.7346220515391,218.30555002951488,199.61058716801625,161.94258504711246,140.29887489151773,176.3131155035951,238.3514009849882,132.95711169190972,261.43052249011856,168.32439066192066,226.54805251558193,265.1966551406598,141.37377526632167,328.63413459459537,212.95551189350476,248.64008550162657,154.76649436185514,151.6677586146864,259.7213908031391,227.27004251678218,379.11706092716526,225.13579269441337,197.4995118948305,461.45321359429664,265.20239653934243,345.8097094795008,236.8907221906987,384.3113532619318,296.4095049260869,238.09764469152404,214.8575196971407,178.55686721263768,286.19267635772314,219.19418367816988,207.67968175277952,210.92637416951504,187.16643456248917,143.73856288153777,235.75703549007548,395.50344143149846,381.37290588528623,179.8035708432534,176.04730572155526,236.52931439017422,207.41016636899127,275.1160778102444,171.1107454529737,201.3620928022838,243.81696892955907,173.30506406829124,151.80522934079977,185.98778717262607,273.4534484784825
16,47.94548357673947,45.450164100278414,32.486978775136045,54.34475156055751,39.26702972936276,101.14181218844595,80.7304730749669,388.3346749581611,171.3256062858835,133.82103343509706,60.07155494459474,49.40183835334553,188.5518025495098,179.04927156087587,170.93741915375932,222.6521726002027,0.0,54.47688262521603,130.82595187218618,184.00448978741002,96.55101312406782,82.5900566283496,82.8375392977408,372.9374191537597,110.7744321933919,46.79984521769759,82.08675969984793,66.20287894447186,48.85555917850634,106.04898556000862,186.17270027714932,118.2817530868974,48.777901335805105,166.15792970175733,62.59349679896799,128.34170221929546,45.95259956029898,69.93744255533434,237.12388199954736,455.2519906658708,350.62186339629847,358.32539753054476,220.75270592323142,198.69323250914744,385.9642768798353,336.93741915375966,519.9630076737653,334.9374191537596,312.9374191537596,607.4400419143398,395.7555976718009,469.75559767180096,334.1800319697187,518.1238819995474,411.6218633962984,339.77101177570347,326.32131475094127,327.00648307774094,437.0019896373176,306.5891902937446,310.7568668778705,347.22993815207303,266.1800319697184,163.06905229122682,328.6218633962981,518.7710117757033,491.3775438156012,110.40765515798765,281.24009921945816,328.3775438156009,315.7974055786071,383.5439511936574,184.46904873624692,120.75716759048468,338.3775438156011,158.8316649796929,226.58038128265332,117.11948955542185,379.0742777956522
17,71.47221111278853,68.22960248456293,58.972874891970704,58.14664985211799,64.59701265006296,78.12360417778302,57.37059739917274,378.167987977265,161.687580197924,122.06154933020571,48.172244793400175,36.11424458704164,168.677517296901,170.8933752426768,162.09272194511578,211.60098966674423,54.47688262521603,0.0,148.4232394435077,163.44984572129675,88.85902657236832,78.77013857498284,80.58802935755533,363.23231706527866,110.50792111898147,38.53377727858067,49.370777070547376,44.77249157516881,61.17558336708909,100.57067050669939,182.05005599616982,106.2681291758045,68.72359406473518,165.27449674106094,77.83954268413397,122.81608251195611,40.86346635390049,65.34546366013971,212.09439545455,450.00736619393115,345.2878047600527,351.00736619393115,200.1349809913538,185.7212782716158,377.41928529581367,318.3840170124877,505.85738434907176,326.0927219451162,304.0927219451162,593.4028306441749,378.10802516048756,453.3059847317715,321.0927219451162,492.88893234651346,397.85738434907176,325.0927219451163,312.46740153940823,302.0626706132283,415.4044556721802,283.1080251604874,305.14139808003824,334.4617657458149,256.95858067781484,152.2067538111494,328.4753483362279,504.0927219451162,471.92631456706016,110.18281927245349,262.63835176248233,303.62304854711067,304.2878047600527,364.0927219451162,174.49038268981084,98.55847914838432,318.9263145670599,145.9921159946403,222.14467256122526,114.11070119137739,360.18423059839006
18,101.83951081576845,106.3191297881128,130.44043619609235,148.21499569295855,113.44685362575305,193.3191297881128,185.83692260689668,503.37978299210255,283.13088893763336,247.38970412668243,153.79241655536094,134.2683977187029,302.3561688098572,298.0732868879669,282.0045533050498,328.3862004217633,130.82595187218618,148.4232394435077,0.0,291.42323944350767,206.21337561404636,184.13088893763336,168.28044624769683,484.80338729007156,214.24212520811778,129.35266510493804,185.8729364682698,150.90647178509508,152.08632864853092,211.3191297881128,304.2756488969483,219.6054277187876,103.61140766635117,274.0810810643563,82.84945639010769,226.79241655536094,134.37978299210258,99.74603342491334,342.21499569295855,572.7331515564279,465.87045792372203,473.73315155642786,323.0116310406206,303.87432467332656,501.87432467332667,446.87045792372203,634.870457923722,446.8033872900716,424.80338729007156,722.870457923722,506.6054277187877,580.6054277187877,441.8033872900716,625.3561688098572,526.870457923722,445.8033872900716,432.88401686730435,426.42323944350767,548.2149956929586,412.80338729007156,421.80338729007156,449.87432467332667,373.80338729007156,261.4332157227781,443.8704579237219,626.9445604069698,588.9445604069698,211.80338729007158,391.80338729007156,425.94456040697025,424.8704579237221,486.94456040697025,286.870457923722,212.6054277187876,435.94456040697025,265.94456040697014,344.733151556428,220.20282495443297,477.87045792372203
19,212.29842936319722,204.8444385989677,197.59840565374702,179.95254241198302,196.99471466219967,125.15281727674193,149.1283502089628,280.02917594243064,122.40297948452259,87.35673763306198,181.4125680007487,175.99012195230821,109.17346562439349,116.08047044568507,118.81945788356856,164.4860659710148,184.00448978741002,163.44984572129675,291.42323944350767,0.0,148.40030608262848,144.45252262863448,170.06392347993778,253.53592305074892,138.90835003960152,175.04706274031713,157.92627464956712,152.23402440463522,166.21422009261715,125.7609207055305,142.6708439046778,140.73288687377948,204.93748311056342,99.02328371962739,222.1403663178388,116.32554856405959,180.7794459823482,212.55368586529795,134.4783079541271,362.46624710826615,243.35026125940215,255.62418903372452,115.1862301445849,145.6809295645125,295.43056991205555,195.2680243401049,380.315956539843,245.4941033834405,215.65936258892708,469.93806497060916,279.71753796122164,347.11667929566744,211.6970781973589,397.99278936298157,264.6745950943906,242.05941718500657,209.52913796676836,208.44756855916376,288.0029224706773,169.8740969036946,202.22819790366157,235.83013589254244,157.56646372152053,146.03457515984783,233.12144777443746,407.4417142706676,375.9576783393093,130.5961801323542,173.22608130460793,193.2459468551364,201.51101301717364,265.9410384159812,104.03696781398627,151.63450470537978,203.4265547577326,122.97076072057628,132.7971793681861,137.943751228662,264.58454027491655
20,122.67304350683546,113.87325571077,87.3073253499924,87.61764766031158,114.18831119340763,48.651245063539,78.34126652340636,320.9177193018137,147.42383131974486,93.76375699605828,101.99140426326527,91.88274575012345,118.43993495856654,105.21883972952904,135.18688028785823,155.59929231279662,96.55101312406782,88.85902657236832,206.21337561404636,148.40030608262848,0.0,74.3357078064779,73.85550591403371,327.6710475872756,87.09880304513516,105.41994718542783,93.04393166658991,88.7900515771722,102.94361974034908,48.497913812070564,121.52169498238936,97.62036017458868,113.57773377931241,124.6122256810413,130.43052249011862,87.07538385132912,94.52322990571987,129.36967700604436,187.91764818185615,411.485594527622,312.4852219994136,312.6987266238028,170.74190994600687,167.67184258036508,338.6987266238037,295.1530990796589,474.1289901069493,289.8299812586283,267.82998125862827,561.5335602716519,350.3983153643371,424.55724903569046,284.82998125862844,448.5233409889721,369.16647292981,288.55724903569,276.61684916244775,252.3808710158143,385.6120958092437,257.9045583381062,259.18518817716836,296.06180902704364,226.73051381108124,135.31412054534087,288.582634637746,468.7718767954859,446.8004325224647,75.79422394520508,234.99619811807406,283.33741566017886,275.30915900316904,327.8299812586282,140.20187712454714,89.4703401629037,293.80043252246503,121.28696412318354,192.5928508658626,92.02233777263002,344.0430453384239
21,109.44442108182393,110.34386107198253,100.56143132201365,75.10926669403015,93.9067297680208,75.63760534754644,54.240826381755134,339.44351880940917,123.82614520052068,102.02382140609413,70.99976239438708,97.42265971958557,153.99012172957808,150.37992417263854,124.5736892872431,192.33592495951683,82.5900566283496,78.77013857498284,184.13088893763336,144.45252262863448,74.3357078064779,0.0,69.76619613262217,319.7926098836956,94.80451356746708,74.77073016276933,68.91785877131946,64.64718092961354,70.98631089796422,85.96402837726765,162.5657282641014,80.14583775227891,95.04209308938331,114.50345205424262,122.42329704482499,96.77407891968042,72.13605389685793,107.44937811463518,190.14938439390252,404.39291507376385,298.28998683998566,306.0027085114352,162.83133812887198,159.3048748713398,335.41766692850445,273.9678349735418,459.8027120849905,277.44351880940917,255.92675115099658,547.4390691210729,338.170786586471,412.170786586471,283.14938439390244,463.01937892228557,351.711801344011,286.87665217096435,274.9362522977217,276.59693602454894,385.170786586471,244.9587257182958,256.9093131898935,298.39786951771316,206.2163200973524,135.7762507319468,288.09088008088435,466.14938439390244,441.4075494437747,67.0460903747709,227.35059629485394,273.1042834238257,268.46657889971664,326.14938439390244,146.0839096767919,75.64494693737778,288.40754944377466,109.01524312660142,172.77996240439506,74.589095975373,329.1042834238258
22,90.60755542318157,84.98723732881683,79.05010001426595,76.57639569634378,92.78101171997655,66.1856743368745,71.08051825507864,369.48357789389036,170.96904853109493,131.28431061608416,77.82822636950804,82.14586742147546,172.37656688635457,164.89973960182732,163.14649836351578,188.724064084328,82.8375392977408,80.58802935755533,168.28044624769683,170.06392347993778,73.85550591403371,69.76619613262217,0.0,365.5770146854468,92.38946226839596,90.17994250359679,89.76838813421064,68.2554223781157,86.69595080206872,81.93506154125812,183.23532313828161,111.74104657300107,86.83326437070801,152.19096625483797,97.31139214417628,109.01808297878028,86.0083435742744,103.91300512182457,215.637070318458,427.11902255144764,328.81720470002097,325.48972874733,198.77691310432226,165.74518389784902,355.67628544699664,322.3881296883933,501.2067151982332,327.14649836351623,305.57701468544667,588.7234828566457,388.14649836351623,462.1464983635163,322.14649836351623,492.8401394750699,399.48873563886923,326.636614812204,313.18691778744204,281.1610408197606,417.50877468971714,292.873766140578,294.91505963035695,313.72348285664583,254.14649836351578,156.96036539490484,316.3245621713839,505.14649836351623,480.40466341338845,101.33032693399367,266.8378267131556,312.10139739343947,290.2804606683653,365.14649836351623,171.05484825484072,94.79530658659225,326.1940525714967,144.63661481220402,206.85762412394672,109.8257765474341,365.68523568550256
23,393.34086517326875,388.8154171013897,376.12810208851255,358.9528905099273,381.80828354888774,312.63394302464053,318.95534320114984,214.55515883509378,259.8440442762818,249.74214836672613,364.0127980491539,377.9659946601951,229.9785952570474,246.1397965777228,236.9711398124947,263.81765642999517,372.9374191537597,363.23231706527866,484.80338729007156,253.53592305074892,327.6710475872756,319.7926098836956,365.5770146854468,0.0,290.34435479242364,363.33785318975424,335.398688588212,346.0452070262099,340.97070683356253,303.1777834593218,269.7923569433758,287.57114078194974,384.83271420477627,243.50071842260186,413.6300142283298,296.2709934944729,363.75307961644893,400.1874376717317,176.7705554912221,233.39389614232164,186.02548575129342,207.42322715791636,229.55158995377283,282.9974826626799,166.6938159839106,187.40607567302527,208.65115290738314,170.75382101759163,175.35100287846365,299.5219292086184,158.63108142836427,204.42873692152182,143.32304915228818,283.07546436028576,174.22309780170278,177.54425360490728,154.84895732937568,242.18377574516066,161.63273942193018,197.85619111341686,201.4451033012881,214.80648796881738,244.78131984790667,266.07474903492744,207.66595286255588,276.88133667571884,206.64344719516384,304.27214362138557,188.02925369827776,200.98570440933912,191.83182644649904,157.0005625194844,251.91952683777018,319.9951644350558,188.2285638690925,273.2209414002196,227.8451286701907,312.49903807856595,170.1725213410468
24,134.8138644416072,132.64519407974518,121.49933266481904,100.0839402179006,119.00744401401316,81.6496426084793,83.60458574900568,333.121344164972,138.54858092226686,102.13300235820277,111.65388912891606,125.16367634452368,125.00433610171515,136.18216869614903,115.42964258848882,191.3368143165403,110.7744321933919,110.50792111898147,214.24212520811778,138.90835003960152,87.09880304513516,94.80451356746708,92.38946226839596,290.34435479242364,0.0,108.55506738599055,104.358571785791,102.86290505472108,91.89940102782887,77.74928071685524,148.3398735023015,64.47187077499862,126.65524000488641,124.30978434903099,153.33582775816632,93.2645552970788,104.57389234915388,138.2151893205143,172.42188084214672,369.42269472611673,259.75877197862997,268.77233092221223,141.96462635772707,127.0027821806644,314.862265862299,265.3716849781302,434.6420706216383,252.62138289149942,230.34435479242367,529.1938198161918,315.76030265045455,381.08996402467113,254.713849971005,446.99586620971604,340.02437489563255,262.95646278696415,240.49121352828888,258.318698481856,356.5769913291124,226.73799368959942,235.24417657299995,250.68013569172803,207.27020616575248,113.00348884945292,268.7107683862622,438.24417657299995,403.9564627869641,66.88072891507926,205.2441765729999,250.86868856184176,213.45550595868104,301.95646278696415,118.9551104340524,98.55466420462052,250.95646278696415,91.70851663550226,155.79121900104315,82.74484225085392,294.5403010790272
25,64.72842919772103,56.93405633496916,54.336104210426534,57.7575120772657,38.90098037442936,83.18729195625484,78.22599835793163,382.33441375895916,167.39413965352264,128.36702176635816,66.24117831746986,46.93412758501334,189.00766769928245,194.95649803276999,166.33283380025142,228.00162427911948,46.79984521769759,38.53377727858067,129.35266510493804,175.04706274031713,105.41994718542783,74.77073016276933,90.17994250359679,363.33785318975424,108.55506738599055,0.0,79.54416357320736,48.37360282366593,45.343036662620214,108.34708757562731,190.09453069019227,106.91477663333647,37.02797457581272,166.01263745888562,62.31012211248738,120.41489926833958,24.48555384544946,54.06462519589931,231.19617734529976,454.2032142205033,349.46236307103015,356.26386742449307,216.06089513127054,201.19419405331814,393.40072606638574,327.03625594436096,514.0470627403174,325.0362559443611,303.03625594436113,601.7743305173793,385.0470627403175,459.0470627403175,333.7498068871986,512.1961773452997,406.0470627403174,339.59838107224004,326.8336045799432,318.6985406423364,431.7743305173793,297.7632662583652,305.79490785727535,340.6451508168726,259.2935928603599,164.985457151688,331.7809168154601,516.8247475962281,484.58339950914234,106.66149067423525,278.88457266634475,317.87111329517813,317.64901695334675,378.8711132951782,175.8230788216723,107.345580329474,331.5833995091424,158.3091450942731,228.32452062848284,119.00262674465671,372.7181652882885
26,101.62924646846666,96.144820950098,97.79905815996334,87.32969753531931,98.19770631107507,79.39907953376691,51.32598154094808,351.8600835124052,128.43173155142648,107.26997825552587,62.374332730796425,71.61705285745512,158.44674078347256,142.34715345745113,126.92073671639487,190.7346220515391,82.08675969984793,49.370777070547376,185.8729364682698,157.92627464956712,93.04393166658991,68.91785877131946,89.76838813421064,335.398688588212,104.358571785791,79.54416357320736,0.0,69.60599598860155,79.89708128345076,105.78055930228224,168.56090326062156,95.55777401962587,102.91788930018988,131.25112062350829,116.49786385816701,105.94976352618463,80.49848888940039,105.60145280421601,186.9185555546569,413.7962453969396,310.57590738416405,315.27947773852696,168.61935149931315,165.7256972991866,340.79624539693947,277.5787571778142,467.09805671879525,289.8600835124051,280.7669670052913,554.4117161425186,340.0784473708507,417.0733462990603,284.8600835124051,471.5124342685084,357.6997003985719,290.7878395509529,275.41038648764294,273.5653771966835,385.8804877995669,253.77662951942344,267.39780461826217,316.5395450807666,220.7259422451038,128.66093137677262,292.24270990351675,467.8600835124051,437.8149825423285,97.18798731814269,234.0027844839334,269.5117165223792,269.57590738416405,327.8600835124051,139.40615006875137,77.06101090428695,284.8149825423284,125.70955203030312,189.86008351240477,88.09194055425672,327.24666650596214
