,0,1,2,3,4,5,6,7,8,9,10,11,12,13,14,15,16,17,18,19,20,21,22,23,24,25,26,27,28,29,30,31,32,33,34,35,36,37,38,39,40,41,42,43,44,45,46,47,48,49,50,51,52,53,54,55,56,57,58,59,60,61,62,63,64,65,66,67,68,69,70,71,72,73,74,75,76,77,78
0,0.0,70930.48294230753,67221.34967278643,72582.05406520738,57423.03286126301,179401.405946612,122536.71076445663,387316.90897103417,235793.90381522902,208490.76215810506,106789.93695423861,107373.97259377822,240744.43248268386,236076.36611168936,242230.41228546854,278321.8028835458,90519.87190272639,104762.95764614722,118986.05806062427,253340.1012913957,189641.09653834137,180126.12581294109,173247.94743528086,386107.31409668404,197156.6525214565,134629.2115512455,186403.53994853844,146425.4966705813,133839.9925397485,199877.8712843771,251508.14767532935,203938.0534382992,129579.24463051115,229456.57154939172,128355.92666787503,195579.7175279576,136525.81455211338,139509.17608146314,276851.1628867544,414659.59756880987,322724.83530546475,348996.62473957456,258378.79834732594,255780.63474572398,362106.3540078253,359353.5317844045,492441.959354306,331367.11607741326,305419.78914163815,542148.080276146,386908.46191219904,444824.17410843173,335873.00909957156,461299.6666828921,412687.38251268386,355504.2102952747,351371.2710360477,350242.5047114405,440696.0519249702,341493.64686819573,349777.2280910168,377763.1044168055,318543.19888163917,244871.31006817258,346121.5159585209,448633.73757177935,432290.24895395886,205809.45417912828,329409.6277902729,318154.1805838118,321080.8008931195,378755.2197386476,256564.38249020666,211410.9055447383,332391.3812485846,206865.9134356931,268337.5627139389,219883.84128683124,355166.589291413
1,70930.48294230753,0.0,92202.53466762847,63689.93387867842,68223.85208360954,185082.7978719079,122206.19282962142,365576.0295043867,225035.72664061733,191399.63693471628,114892.02334847997,98798.49746225626,234835.36821091676,242026.50757879048,242202.38472459317,274747.9699540621,81341.6643601834,104936.45740453449,117292.97740670796,239144.4712092335,180817.85861948473,182886.75149736545,170601.87930533136,385742.7569628414,196354.7672104743,121688.8955229846,178117.09491058663,142117.80461657819,129702.09816390317,196615.59152778515,238406.6819437106,208521.4933690045,122196.43360087123,222693.49784142672,122510.1756871072,206613.88455668822,139456.18468794768,131213.24481881916,281997.49791823,409484.3537515219,351082.58133974904,340131.31021677045,263397.07284043374,249741.92426447678,373093.50412769016,364469.9229416153,491942.5527666798,332190.2967507908,313606.53323640063,554393.4927405638,388945.89575871377,435617.40177803533,320798.55785102275,457687.9768585499,410485.0729503921,361101.30553657224,327516.11244551576,350703.38531774026,433276.06572046963,341755.1361785869,354004.596550181,365281.5495130441,317317.5019249282,244793.64694019768,343798.3826915071,440285.09536733833,449725.46946481086,197658.473395675,322884.04570619087,311217.37600732554,318390.75260310015,383798.87062389875,259965.50655517975,212429.42755943225,339680.9695039492,203433.9155682288,272249.6581030593,214743.1290257599,362040.3387304726
2,67221.34967278643,92202.53466762847,0.0,101471.61899483703,85732.17912451061,185611.13255288496,140700.4074124021,346385.26724455884,227841.31102811883,207429.5549389456,117114.73973670012,123106.44684234116,248521.0064337999,222824.06085432367,242382.45505609983,273995.3321577139,120474.31628182622,109989.17466449153,137394.3125665286,244290.0707019104,178684.03203762902,191713.07431043586,176062.81622556364,373396.04024810315,193742.78874270368,139687.7373795886,183098.08459050814,145814.54920943943,139881.49433816414,205191.98704019756,240284.42206915058,211441.33958233456,135924.8740002275,237569.83905869783,138510.03598938283,214634.4903055851,134538.1019958257,147166.50507609473,281146.7496713918,416481.19588816474,349731.51429804496,346648.7554804608,278857.0349025151,262178.8998673211,366104.8272907094,368862.87791052053,481472.5948332148,336524.91296396276,313535.22512472444,543000.6353153269,378597.89965400036,424811.40745654516,320309.79878800345,433033.4476814721,411220.1406301257,358489.55893552804,330468.1872115281,349362.3587625537,412956.66211747983,336671.4612140296,359429.14566703804,366328.04764887894,321678.63411970704,251413.6614117665,346534.88902501675,439000.45578788477,442408.4383754633,213115.54817523898,335258.68327802647,316262.4975645352,325334.4712785467,390188.0659211572,250675.71697725353,208680.98004723364,346840.1605502218,207593.37799269144,281325.096850769,220890.78318868496,371141.99281527736
3,72582.05406520738,63689.93387867842,101471.61899483703,0.0,64191.77478595261,200425.3279403818,123765.52881797492,376504.540199331,225505.9550224188,206918.10058205322,124687.71141672778,119580.89197509178,245784.22329891994,247452.13942857354,250619.03012643437,284866.5035495144,88517.04759555688,118754.42080065396,147432.1386447451,254574.46211337965,201176.28517846565,192564.17187702202,188535.5354509659,382010.31471854163,207260.39538904076,134597.94904380303,197647.734529848,154308.20208082246,155327.29547294197,204107.5556942503,249975.13887795538,218826.16690740245,138146.64980202465,241502.94583591085,140816.05603200648,219333.46262362864,150196.39930541062,152791.37734345696,287160.38935486024,385226.4230895815,332242.0126738942,343556.52788913884,263428.84719373035,255388.22021038493,384153.46394303895,369103.4464061406,498846.25631314976,339462.25207144,315209.3685593733,558280.8504937445,399570.52093129506,449548.2613910919,344653.23072670295,462874.0866190571,414489.079040764,378789.2325637891,369274.33355127455,358726.2099451226,441396.24811402033,358227.6942339116,364599.6313729989,371172.0703581556,335127.02805547294,255703.5161468918,351932.48335594806,442289.79006457457,460901.42596957425,222591.90980073524,338277.6685090859,332119.38007525034,328235.05754004186,390594.0095938371,269706.95793810237,230468.3944463751,354345.924779047,227108.49451542727,282699.06101700745,235159.09310848292,374051.52623793465
4,57423.03286126301,68223.85208360954,85732.17912451061,64191.77478595261,0.0,194015.2014091043,126064.3949309649,382146.4285999042,226642.14659145998,209152.06231823834,117090.34681040728,115045.42848705112,247766.33883309236,242179.35060412964,245413.9747598033,288974.91004627355,92490.75883384206,112283.6993886003,127401.96126712908,257541.56888716095,195619.96811245065,183913.52988404038,180470.3633034037,387098.6138938357,200403.2567848433,136452.60967932385,179423.9480472833,145589.4819921492,136894.7711176734,204994.040438956,252431.85007523553,212249.43991102887,132992.2826477899,226696.27441073177,136134.20576633036,215594.75656319392,139255.01863931204,143440.31691358503,285617.88325129263,422217.1253928002,344285.5498619749,360150.07900378294,268453.4600394011,263076.0598045633,373849.57171021774,377929.1329129307,513076.7612262741,332718.02663654514,312843.58901133965,567604.6676376514,406183.0546571794,450488.368371531,324229.8988045011,475071.30038728565,427072.8470810204,379349.8024919267,346251.82370539574,371855.0363036511,447469.06351591175,361832.21998871624,364334.65736788505,365765.99108545843,331877.1630585586,244068.01869147894,333399.2462997538,466420.56402080203,466498.59371435386,204633.84239720483,334647.74126539374,325817.46555323753,340411.0157838946,405593.8956662274,256640.7624067912,216219.9357864061,363852.3954245283,208192.18679686522,277407.93764133815,218236.76165929763,379361.57264690154
5,179401.405946612,185082.7978719079,185611.13255288496,200425.3279403818,194015.2014091043,0.0,209711.877688297,273765.8498794943,241784.44588595178,219422.03498605665,196783.8089706696,186080.24328218368,229621.14272667537,150154.94569486563,142783.6631196792,282005.2064510269,186324.20789164823,190302.97617439507,169546.09584141715,194809.15663224147,179102.96863050535,194074.17509340658,181308.94092503007,347490.59325765003,203054.47462607434,180832.81100082828,198951.8153715756,181495.41642566258,198283.3348781033,181920.76889677456,256881.2231071722,230889.73228345043,168626.71303441143,232909.3764499701,133106.3411936022,222660.50543600623,182235.06937062295,146380.29667386587,257424.01607078247,487412.2590712531,397537.49325237225,416481.6162753681,316242.7219671804,304027.9954845231,395083.6833234211,395414.6837301798,487825.3512502214,372289.3494664285,362157.621027851,549043.4954524927,391864.6663891616,437609.0387763363,370013.9403610639,451374.0752471579,401836.21344175463,359826.17346558167,362457.5439628375,344623.8213882263,422063.14687065413,342187.95137432136,383037.28789925936,390840.8277126712,341953.06203498127,284434.0619682831,362262.9272333688,487048.6985448844,448185.6896450868,221560.26404039006,344118.4836825587,372258.1356465011,387256.02349774016,385962.42840275646,283165.2073226983,224904.3592817909,350655.4430137512,275057.8435453051,329439.0224956901,244833.277255628,387474.5979546115
6,122536.71076445663,122206.19282962142,140700.4074124021,123765.52881797492,126064.3949309649,209711.877688297,0.0,385060.2445382638,237710.38383723903,211465.8091131994,79604.35337127958,72557.62969229894,258812.0339261837,258585.84582636706,264735.88454772107,289331.0748969781,105607.13124039613,80202.91642533812,169671.18577637305,256686.64388068512,213211.92382402334,206205.38369850765,206482.06081000104,392264.35164875333,213132.12933831345,130648.31966849908,193800.4777556134,155173.95375714145,152228.92763628985,215413.76233558884,251529.97573857062,240318.3007280091,144170.472555249,244244.0808255165,160680.89156974712,241820.0851981783,149159.1770091993,166762.93663969394,299098.30269086733,432611.18089109095,355843.9860862199,374220.585742932,295370.241743325,276977.81434433983,388662.78936051915,384041.93038096046,505535.3641654781,343376.5774618957,320382.2895195532,576499.4813650425,426820.24910079944,464925.9613632756,340173.0864796133,489507.8916925176,430469.95814475056,389828.9140196529,370411.01233094954,388838.44371594244,459710.24244999286,381204.36419665447,380985.92091549863,391348.9403119201,348819.5729460316,260206.21518432378,353705.89045689756,451022.2847212959,455661.1105652074,242016.09483881888,347765.96010414645,331009.8174239264,331820.6904191351,388818.4391369957,285535.1363407553,232788.08198731794,351380.3793984662,236792.53710449606,284047.28152523923,239696.153058905,387361.8557111411
7,387316.90897103417,365576.0295043867,346385.26724455884,376504.540199331,382146.4285999042,273765.8498794943,385060.2445382638,0.0,337435.80397318857,357363.40807471884,364903.1302592022,365820.32324372715,389167.89653159445,282047.68951483996,316870.2400287596,407029.44468724634,373811.899758678,359816.1060116683,382497.602793678,357098.7360526545,317235.69847443554,346519.0888839477,344747.2984532731,421594.76016285876,380722.11565102916,372873.1274648739,357876.91695733176,372536.1146791796,385170.6693245741,332553.18033673667,393986.7552990596,412297.0594547579,364398.5318267627,418028.18380928464,291742.88011229545,385618.80418626824,363960.4493286603,318066.5022615469,443997.35761495365,590353.1936727818,512134.16331063793,527259.4733372212,487065.6145126855,457375.63450813293,528714.9360928597,527759.7151394554,611886.7323798867,512844.90344958584,508332.23790356313,646483.7445999905,526182.2971069681,544849.8353629481,504328.96353652055,553796.3359107951,558424.3539385262,530974.0085006122,511704.7564981287,503823.2005234943,528650.2077891398,534703.1249687069,530610.2501168567,535765.1556987527,499258.36362991494,440673.2301191769,485722.63308083155,596946.5540611115,578365.1482226332,382376.88490405574,491830.11134364683,504611.42247642955,497351.8813224802,537737.2132641794,439491.1605465466,392642.3619318482,518920.4238191996,424452.96779528057,475669.71527233603,424741.66076749266,524814.4542454258
8,235793.90381522902,225035.72664061733,227841.31102811883,225505.9550224188,226642.14659145998,241784.44588595178,237710.38383723903,337435.80397318857,0.0,175695.70512691213,225701.6326531326,231847.046483385,205716.115004547,271272.06032910856,261816.9541648133,252980.71841062972,227189.97985621926,225853.51310787685,218812.20451702893,280268.8479706687,227392.98814302374,237629.41727642293,238554.4504754759,364000.67731517815,266865.22122709634,232315.2009596731,216327.143992932,247158.41895510853,238414.1668981109,221084.98491931407,284287.2860475078,289573.53187793994,227118.3824834887,287260.27149503026,184610.9461832274,272376.0255917016,241258.73144395233,201390.7141421447,314988.5714578407,497595.5437243139,416102.2993908949,441612.81418676,367637.47967785643,346988.2982944972,434702.2738105166,396980.0003611036,507069.5814749883,417283.9523746202,403963.9250702352,544647.4208493001,416550.57622805814,461550.7773299187,418161.3981034467,465378.4814705231,426161.80430494895,408178.49892344,427226.9484856132,386340.2793386468,456572.287264789,405515.5443369288,405558.4551474055,402263.3849011504,382480.81107443076,301180.2929055082,409640.4698188521,499239.77882824297,498817.0821653987,280514.2872212378,366878.8025556176,385681.40651263413,402639.12463990744,426214.22603349166,323136.13220294646,278630.1833439435,410005.30391771713,301918.9176450696,347474.67412422365,298458.90550970606,435912.1918396983
9,208490.76215810506,191399.63693471628,207429.5549389456,206918.10058205322,209152.06231823834,219422.03498605665,211465.8091131994,357363.40807471884,175695.70512691213,0.0,209223.18516629015,204185.65178849752,168775.49177856304,261622.05871612157,259409.5781173855,212026.48666352153,205147.0149517975,204674.56286030044,179534.99903353478,242311.46019861777,201525.17562952818,212132.47602630983,209550.15831333154,391911.87200558285,245957.9916882536,202227.3766668823,202645.69873757823,221932.45748228478,217964.31570634167,197758.13614319757,270776.7178798874,255652.93568528714,198914.23127935702,248247.61198092104,145953.73895278707,235839.39666405405,220845.5916288757,152105.41177720623,269913.4500542535,459481.875490609,408945.0752822997,420365.5306054984,344516.40014491824,327656.06808812043,416820.11843686324,392199.62513335916,516668.4520997863,385655.5746056193,371202.196358103,563255.1005806293,391511.9898649347,423995.11449770886,380128.5433296854,466165.3988452193,444126.40708237275,391547.70133374044,384402.7803609398,371967.09507354145,449396.39112035517,396733.1216232256,400197.38921605184,383495.5692839378,369956.9330390653,302709.81468878896,370520.76133661525,496901.3815220484,489131.7857594801,252981.33237421213,362678.6592356443,371630.28004163294,391787.8807469558,405269.0950661137,287208.33819268993,242070.07217123546,383670.9311936018,281283.23027199344,337627.2751727432,274586.429178674,427801.846965596
10,106789.93695423861,114892.02334847997,117114.73973670012,124687.71141672778,117090.34681040728,196783.8089706696,79604.35337127958,364903.1302592022,225701.6326531326,209223.18516629015,0.0,50374.13557054214,241356.73414046384,239366.56514456638,246577.48289521516,280895.8843917397,94040.14300106747,50932.18988343613,150940.46304436406,250139.500136557,202306.46883312374,186760.40522941935,193662.90382577767,370918.7996568765,205726.51402114637,115178.42577283333,181842.3059523601,134298.80752647054,122182.84432028027,208725.50978551773,238798.59048738622,229125.77025812183,126728.92324582739,229590.52556878913,142505.98635528053,212108.4849643263,136312.11813965085,152138.46641492966,291471.657129823,418269.67859354545,350472.88033453614,338999.44184616464,277224.0452754914,265379.06198533595,380702.91966005875,380354.5260661336,491163.159542871,342401.59165725386,329179.41985293233,550636.2562191343,413622.88500854024,452501.2510281684,341494.6249309212,461320.8731478198,421953.7541406576,375900.730404416,359433.87690335314,366942.07457403163,430036.92157896433,362630.7395892678,359892.4306975515,380792.2130030212,333242.9742896074,251551.91833660076,355448.8758777454,419377.712687381,464196.040174257,226367.80101720255,340298.14018258307,317007.64996136056,324775.2702919074,395258.40603248216,275035.5287057226,223045.91337793777,356065.01042432874,232329.68446555233,279869.5788408785,235526.49597556307,397413.085320549
11,107373.97259377822,98798.49746225626,123106.44684234116,119580.89197509178,115045.42848705112,186080.24328218368,72557.62969229894,365820.32324372715,231847.046483385,204185.65178849752,50374.13557054214,0.0,244345.46504848226,235646.5840664575,230677.299397741,276280.11858980823,77085.26259162645,54016.577803101194,140501.0140556805,247809.61987063347,189369.73593454153,184350.2429565682,180445.92399924883,377738.1576977198,205929.06023008146,104970.59956816661,170061.74167857948,124394.39145244885,110920.473751025,200396.3191056991,237018.91668310965,227903.92485289785,116923.70625107628,219420.99875506456,135416.42354734443,206611.78249918149,123453.50868047331,140575.4769707376,288014.15855436557,419609.92057590396,347599.9657011928,358308.4576262339,275776.29407375376,271614.39177919354,372672.4539979035,382302.69002584374,500266.8360663615,325051.71912393224,313379.6920723012,545443.5680340106,397794.3736607187,440344.45452580083,315462.29705142725,456812.41598568094,431920.51200157637,374075.75168018445,328264.8366978114,362800.53152266896,426804.6121573118,357342.0337274989,368377.6523804203,375074.0770139184,327424.6525565125,251357.76977511126,338313.2532163182,451411.6312814243,448600.52431520645,219007.37254758226,339586.1561940421,330013.7710371988,322291.2049113245,391365.65959230886,267880.2908603077,220717.6527490758,348566.2949015857,229877.73928986656,275669.63146480103,230067.6717728637,384081.86546391994
12,240744.43248268386,234835.36821091676,248521.0064337999,245784.22329891994,247766.33883309236,229621.14272667537,258812.0339261837,389167.89653159445,205716.115004547,168775.49177856304,241356.73414046384,244345.46504848226,0.0,264968.1169101484,272362.205168291,228464.92658416228,246557.3604889741,243449.85612498186,220661.1614384615,292377.84337901615,217987.74344704358,264155.3304904614,244229.32062137756,397551.44726389775,263898.792699473,252553.480583808,233520.68539417445,255623.75223507226,258934.48328201726,234335.17689544207,287534.6657765077,286688.3829083569,245471.52448927163,299142.011343167,170889.63018656595,258557.33155171096,251536.00668486144,187544.1921462014,262212.5944718998,526502.4987482299,444886.3442739873,463494.90917632385,374712.2217857047,352993.66872260964,446589.6822362061,421181.96869266033,529303.6814804667,435610.2379717604,410942.2618774074,539067.1027177026,436091.5860702302,461131.89157694497,415978.66944932874,497411.24644826626,450342.9816213828,416028.76772663696,431013.88660243514,386916.54701884073,463254.51246881904,402896.3496378282,426781.69599868817,423891.1726905066,386945.3520959148,308959.75175817555,421624.59157149075,529808.0642056437,496888.3495012606,278188.53903425275,388291.1243319177,401859.6138367882,427725.510618258,453022.3794449126,342851.33250220574,282316.0588325521,412985.55223649193,316601.15912413836,371748.9396248308,299374.69004303013,441358.3944622175
13,236076.36611168936,242026.50757879048,222824.06085432367,247452.13942857354,242179.35060412964,150154.94569486563,258585.84582636706,282047.68951483996,271272.06032910856,261622.05871612157,239366.56514456638,235646.5840664575,264968.1169101484,0.0,203859.3308632617,310234.88278388785,241559.91239037798,234804.10352408784,239461.83152155968,266784.8420463869,219213.06797602892,243747.09382050653,231464.2741372951,383297.92329985695,261525.59446597958,245998.28135058697,247842.02610329763,240175.07958150073,259116.89289585306,232602.63056559558,292111.24126019765,289942.42295353214,241612.5443765648,297450.338546676,184353.96261506033,269114.6482776728,244131.68712509278,193031.96814671528,294709.2238390077,500335.0510293759,429319.1937969881,433647.4895547276,352833.1393854338,343668.0585243024,421149.51615568995,415347.75815040956,519709.26762320695,416590.16632249433,388247.04183156625,564937.1076805209,418803.72945943574,459341.40401546855,396503.0707196592,490680.457484773,445880.1000434686,401378.4916402248,410952.3942663216,389487.59520165634,437083.99225543154,401453.7359584192,435334.93081736675,412803.9951358207,403650.88975147554,319113.9150648743,406543.84627324896,520083.57419418514,476272.53549693234,271817.70979376795,384084.6488797279,403792.4036742006,425764.7921708969,423914.4812658963,315842.06652699166,256596.952558157,370517.9484753567,303531.144332022,353221.9870166012,302090.0622153712,424176.51198323537
14,242230.41228546854,242202.38472459317,242382.45505609983,250619.03012643437,245413.9747598033,142783.6631196792,264735.88454772107,316870.2400287596,261816.9541648133,259409.5781173855,246577.48289521516,230677.299397741,272362.205168291,203859.3308632617,0.0,302628.61195684335,230413.4040659708,241528.79214323152,234667.85346802406,229379.66288025005,240923.77676700035,239601.19955584637,241648.02005693997,391482.1691848708,261486.44647506432,239766.39795705685,241645.99449071838,238268.11673058214,256831.1856908421,230823.00823457295,294117.18126553687,258192.69470504025,220977.22758631682,285653.6845920868,184197.20284537622,258335.0323505423,226045.866842892,186958.06507260044,305808.35910738143,484186.8923041594,425577.4036399589,424600.26871133345,344394.8179589481,336630.113127431,433293.19715344475,418763.5509450684,520849.6060954751,401039.5070311442,395232.46306539467,572089.579602164,413074.4219256464,442781.297887786,406471.14277348906,465112.6979344252,443883.9722106898,407660.3358316716,418237.28704607696,365213.99593231047,445346.8408873821,388664.0553263251,406702.061613463,382423.5881939391,362821.1226215707,310442.27866133087,426960.14916056057,489621.5948748737,484767.57837396214,249978.93912725706,369706.7952341497,387596.5703754761,402265.9806047779,441345.1905994957,309739.4336085654,279513.844239757,392510.99945660145,302159.9720045707,354281.2410499523,279474.18766039365,418935.1997488969
15,278321.8028835458,274747.9699540621,273995.3321577139,284866.5035495144,288974.91004627355,282005.2064510269,289331.0748969781,407029.44468724634,252980.71841062972,212026.48666352153,280895.8843917397,276280.11858980823,228464.92658416228,310234.88278388785,302628.61195684335,0.0,273016.36256487604,283651.4599144091,236453.11004476302,302565.53280499246,272384.6787925237,273434.5927727951,270831.6946584521,424006.47864624957,305509.62133409997,281258.5357293669,255595.08417168664,291244.37750141806,292889.4178978275,242143.61482181138,325653.3084923883,299634.4589364979,274384.3547447022,307719.9793970121,223470.56323181663,307867.1964203819,287555.5922046172,228146.7631178696,300567.70461881295,501984.27944963134,440470.89146547584,465959.0280322334,383462.11282035906,367928.2317527476,469781.2064729555,417582.05586573214,544716.6138215977,440246.6641606861,414601.3753522109,546689.3761131861,431732.32697642053,474007.78676847694,451385.22632660554,495994.8977338261,462781.24231769703,419331.3013078778,448144.9820302974,397575.450503803,462531.6508152109,415752.70347161166,410108.28015924286,410385.3961107748,395895.62557287834,344322.1434996458,433688.6537132482,546982.6023542694,519178.40511764743,299494.2460387808,400977.500883908,421239.763218571,444770.6928402412,457560.23854830296,352593.634288991,312469.85708228394,418994.02466284327,335628.50564585044,381204.08381605963,311468.60447522555,475166.2966715486
16,90519.87190272639,81341.6643601834,120474.31628182622,88517.04759555688,92490.75883384206,186324.20789164823,105607.13124039613,373811.899758678,227189.97985621926,205147.0149517975,94040.14300106747,77085.26259162645,246557.3604889741,241559.91239037798,230413.4040659708,273016.36256487604,0.0,85557.97893400164,134443.72121471542,247547.73406353654,187967.4434928454,184694.88845262665,177194.52980727438,381248.8019413385,198187.16305342002,121621.02525536974,175448.65524046062,139479.4868147263,139841.79042955796,188903.15051694307,242340.35595902376,221819.63853368282,131199.87126947774,222972.44363510475,129871.41012568392,210381.49274854202,133351.1128280041,137746.15300929695,281744.5294297638,402354.1161489169,342228.94194476155,354390.7013571995,269156.84031141835,254588.48029700725,366130.00459928275,367112.933305585,487928.8586183456,330631.0739050122,317518.4168683539,538042.5824318645,406745.1348273661,433457.9559021338,317802.08503791515,456820.2689192305,414277.8052781375,361376.54169313895,351644.2118244092,354524.61950136436,423043.1120247732,365315.254412212,365470.36095705035,366091.8024448663,329890.7400458648,259244.90751906284,344532.61924495327,447775.72450297093,448289.30819455895,212866.725380837,332590.9690624104,320874.71154518676,329556.1512567794,392337.6178305496,260365.65239785615,224198.04559814977,346809.54138287064,226902.6942712203,274107.71043821034,226938.9720736748,369947.61708001
17,104762.95764614722,104936.45740453449,109989.17466449153,118754.42080065396,112283.6993886003,190302.97617439507,80202.91642533812,359816.1060116683,225853.51310787685,204674.56286030044,50932.18988343613,54016.577803101194,243449.85612498186,234804.10352408784,241528.79214323152,283651.4599144091,85557.97893400164,0.0,149310.26434547442,248526.15298745374,189154.47871013012,191228.70852125395,181367.76427361506,374342.3879274783,206021.4472599963,109028.88562357936,186365.29943234718,133520.16366537413,120007.00695682666,198448.01258526125,240982.75311459927,226478.19142494487,123880.11613492189,234764.23899851946,136482.01252847273,214236.15633206652,136400.11269691688,148288.34556558207,288904.19632278173,428927.09798130725,356529.5002707591,359283.95569267706,280643.964660753,273722.44952283776,384542.14505404286,378107.27262387454,490484.71432098094,329337.00332938065,312918.03601939103,552896.0764251836,408753.84471892583,454560.29320853803,333921.37950078776,476281.3415235861,415466.4234830491,373186.02641995216,349712.124604712,367201.26622061053,440959.13252612995,363141.6162625861,370388.7940374082,392510.5605616083,330935.6796576327,260195.20510661812,342476.11077123485,447938.23668124474,459235.6440619354,216801.28849592843,344114.6437090805,322445.81194163155,318451.163965021,386045.34910412243,271170.94728457986,222583.48903685255,343903.01108872215,226321.13836487776,285555.9444057344,237490.61695208828,387547.81869963347
18,118986.05806062427,117292.97740670796,137394.3125665286,147432.1386447451,127401.96126712908,169546.09584141715,169671.18577637305,382497.602793678,218812.20451702893,179534.99903353478,150940.46304436406,140501.0140556805,220661.1614384615,239461.83152155968,234667.85346802406,236453.11004476302,134443.72121471542,149310.26434547442,0.0,233876.789724264,179063.7589568453,169623.52142645835,159137.2635435353,383215.0128552703,177519.8267066727,136400.50697287804,176513.98932646334,149721.74230918192,148614.05083542762,192882.36290543072,248194.44559469126,193647.60080457825,112934.81173461654,219032.09956966803,109726.3473912844,199146.64120102325,138055.41962429797,119991.38885317885,268061.23075436335,455873.22823278257,378678.1554299973,381372.8251548154,276604.9482096379,254655.61044663185,399813.1354836615,355541.34615487576,496195.3305372012,356762.9873042418,337846.9722770856,554895.9624524427,399707.92431142967,432918.52043338347,350719.17154121137,482604.9904176786,407333.60858448513,331484.6538866514,343742.9566975243,332872.0595080767,441898.51035004307,317770.21958262153,316775.87386310525,336334.359149682,275599.6971147039,211117.31436240717,345571.1864540192,484828.7381394874,457588.6574197434,183309.74930081295,320279.44555741944,335050.33452379034,347896.65231138415,383617.92766262207,242693.52583894687,201756.11748880555,339733.3890511225,223164.35443042676,282120.2251654513,193483.78320670652,369271.19707595796
19,253340.1012913957,239144.4712092335,244290.0707019104,254574.46211337965,257541.56888716095,194809.15663224147,256686.64388068512,357098.7360526545,280268.8479706687,242311.46019861777,250139.500136557,247809.61987063347,292377.84337901615,266784.8420463869,229379.66288025005,302565.53280499246,247547.73406353654,248526.15298745374,233876.789724264,0.0,252612.88660371353,242119.1516298887,244539.798340566,387088.7246090618,245323.95787654028,245848.7224912093,243346.403164574,251633.42302609314,258926.7976458884,254390.01551481686,276794.06247168704,266025.7062072888,243737.01170314488,267179.8599977769,203857.4334217865,279589.97765105206,245478.72931043664,201553.2595234078,326082.99140475487,497803.63287769357,426175.1853738595,441064.86579238274,354495.21003248246,349912.6590771278,453775.004916403,378178.40788856754,499880.06740924314,418927.2260991604,402115.0368074389,549659.2066602902,403017.2664693459,436810.545820561,391355.86531495187,457255.19223607524,429158.50110966264,402453.17163191305,406562.1779493692,373529.85656499735,432142.7500650338,387856.5588891772,393870.118632807,410842.0140488905,361649.1593198315,319227.45878719643,405860.2565690948,524540.392237302,485066.7201140739,262299.31635436334,372066.21806436614,398687.2859141039,429027.8239793253,398172.8182836839,322000.2579965947,269840.5507114175,358592.0430438734,311491.6599406173,361754.0673811689,280119.5090029556,411387.28773213015
20,189641.09653834137,180817.85861948473,178684.03203762902,201176.28517846565,195619.96811245065,179102.96863050535,213211.92382402334,317235.69847443554,227392.98814302374,201525.17562952818,202306.46883312374,189369.73593454153,217987.74344704358,219213.06797602892,240923.77676700035,272384.6787925237,187967.4434928454,189154.47871013012,179063.7589568453,252612.88660371353,0.0,160422.66050456048,150768.9071536502,356957.5574845251,182975.61441707434,186946.67084707046,191090.96675720307,204520.3938289108,206483.8056663803,204103.9752965891,260999.04756464696,238555.39061274874,191349.10471427193,257042.10449807797,134856.46823986497,208357.02572171055,202400.64895404284,149223.71011216397,271240.47942832205,479023.87240744807,396988.2426522956,407181.60420589685,322400.96814755537,306501.11848418874,404857.34458445886,394543.3285333867,520283.65488620807,389264.1606576038,362778.87251253566,540620.7806415845,385645.05126147537,444120.98368197324,377188.85873783537,465658.9563935028,435091.37833887874,384611.72098233376,367128.29905800323,338776.49774525774,418112.5318680304,371967.08732329257,391903.3014201263,391434.3894070833,350733.5499359622,277464.6827776396,357409.9582818699,498417.13805256697,496035.6751390285,225237.70743958617,362046.28963260166,372759.210651333,385540.68962231884,422448.4828102594,285413.1931254585,234785.42526314722,393824.3180972376,254975.2719697549,324443.08784027,251754.2970569005,418709.81395418174
21,180126.12581294109,182886.75149736545,191713.07431043586,192564.17187702202,183913.52988404038,194074.17509340658,206205.38369850765,346519.0888839477,237629.41727642293,212132.47602630983,186760.40522941935,184350.2429565682,264155.3304904614,243747.09382050653,239601.19955584637,273434.5927727951,184694.88845262665,191228.70852125395,169623.52142645835,242119.1516298887,160422.66050456048,0.0,95537.48495402295,285577.66473021056,174660.10183692764,173873.35345020477,196173.41580950757,188454.87627849908,190680.686229841,209528.03821195534,241429.70344959022,229708.27854376723,166729.76778830655,233338.43485714585,150806.19039578392,204881.31208683967,176698.9103360095,154906.59148828604,283322.8870801235,469077.12397152395,392682.708511601,409281.78303830227,304448.07010568,301957.27630314516,405377.4516924264,378472.3164082321,495455.29138848395,379869.9219181076,365589.01204443414,534868.4107328831,393193.53605075367,427487.5348001189,371464.30290970334,473682.86824883544,408813.2078708392,378386.4416775585,374381.90499232855,373454.0976329424,425920.3138429733,372545.347583713,386659.5704867173,370616.8628688431,352626.41723386594,274369.5372215721,362222.2702387859,478979.081244198,479729.7672456652,225387.44762540906,356421.00710616773,360997.0268352312,375014.81535137555,414397.76054291404,288978.90049665613,234497.58996968836,376633.23585475504,269815.8488505891,323182.6207416473,243389.13710268075,410580.2190163071
22,173247.94743528086,170601.87930533136,176062.81622556364,188535.5354509659,180470.3633034037,181308.94092503007,206482.06081000104,344747.2984532731,238554.4504754759,209550.15831333154,193662.90382577767,180445.92399924883,244229.32062137756,231464.2741372951,241648.02005693997,270831.6946584521,177194.52980727438,181367.76427361506,159137.2635435353,244539.798340566,150768.9071536502,95537.48495402295,0.0,305144.22755204985,160365.79888815738,181844.47199041766,194513.44626274353,186852.39269172476,197223.31250728897,190060.81520939423,239023.19904080333,230287.13198773793,169247.96397354992,229469.08144169408,142128.42773199885,188235.28583170002,184783.36400172877,144404.8836544238,270094.5508242177,458130.1128649342,381583.923173816,387295.6583587504,305051.9978718525,298525.36569150613,389037.5809507369,389399.9819811118,528813.9965003141,371759.8181226659,356683.8328630862,543827.5240152755,386076.7917303752,432275.5947074829,371469.39371756656,465247.6822122142,434425.8201839146,374321.80233573675,374641.8187253109,347517.41252337414,425199.6415536721,350152.2944032131,385290.8755482169,378670.71057491435,344740.97186278313,280514.18475959246,360833.5875716049,469297.97664359654,463301.4137703537,225294.82906669713,337401.37845118955,358375.691358694,368568.64124428027,402059.89845945203,282609.2603841567,229501.9044588382,360461.1259746864,255416.51400820707,326257.7674134553,237741.9130558983,377099.0091127956
23,386107.31409668404,385742.7569628414,373396.04024810315,382010.31471854163,387098.6138938357,347490.59325765003,392264.35164875333,421594.76016285876,364000.67731517815,391911.87200558285,370918.7996568765,377738.1576977198,397551.44726389775,383297.92329985695,391482.1691848708,424006.47864624957,381248.8019413385,374342.3879274783,383215.0128552703,387088.7246090618,356957.5574845251,285577.66473021056,305144.22755204985,0.0,334173.04388259904,362620.21699963405,357229.9014186764,362494.5173685388,368997.0394788111,341503.6980796381,377676.8075699198,383170.3726223656,354317.104702156,414751.60469778517,317881.5437786812,378590.4140410278,362135.0791143942,343653.9699752289,405556.7584483408,595703.0959189796,518296.547945548,544861.9988975653,463045.7596033061,462181.1064865668,530423.1738805891,481485.5128239857,565110.0327106979,534492.1460345885,511551.912987031,624338.3549388084,502522.804784968,532257.0460898788,509968.41598318424,575680.1456473249,517131.26582937053,515453.74624889763,500851.2768375657,474404.8502292837,532046.3768519964,500451.60231060494,494891.7806497757,534120.2767968598,482354.7188417964,435322.02446962014,495565.468117091,593066.8403503696,542330.2781648119,394786.22581585724,472260.885597475,503932.00734555256,512732.7570472647,517532.8220247983,441203.55722700665,392380.9754283911,470634.6135292981,443022.44786237075,469525.83715807745,408828.9820512725,506999.19589219027
24,197156.6525214565,196354.7672104743,193742.78874270368,207260.39538904076,200403.2567848433,203054.47462607434,213132.12933831345,380722.11565102916,266865.22122709634,245957.9916882536,205726.51402114637,205929.06023008146,263898.792699473,261525.59446597958,261486.44647506432,305509.62133409997,198187.16305342002,206021.4472599963,177519.8267066727,245323.95787654028,182975.61441707434,174660.10183692764,160365.79888815738,334173.04388259904,0.0,202979.9339646381,216661.28772245735,215632.3629238136,213658.0988970053,242958.28787692246,262883.0650149922,247721.0988851836,197657.81226067952,235791.7147052243,174295.621171872,241312.54707824305,202196.69948444443,182954.09966961303,291805.73290628067,469849.9658047875,398852.02748296363,415077.04955901636,322828.6730045174,313899.6190510327,418390.95684803627,383486.3336406407,489990.64584335487,384109.7546623875,373972.6084673942,537773.2238561383,396025.6264062066,442416.5922316389,370745.1127714772,452869.43028791255,408211.07027880574,386365.12156555295,367710.478287378,364764.86613171466,442083.0448411969,358864.0598990855,358645.49616400886,399479.6024409735,327332.1730155539,286512.02462846594,357978.2356939018,495409.1083399553,451384.44966465246,239576.9999299495,332624.9903067794,367365.3993325928,378005.5590764609,399893.4015407154,293500.5028742114,252332.76574558712,349464.5254675874,277639.7472753742,327040.11078628147,256661.43877156285,364697.04419803375
25,134629.2115512455,121688.8955229846,139687.7373795886,134597.94904380303,136452.60967932385,180832.81100082828,130648.31966849908,372873.1274648739,232315.2009596731,202227.3766668823,115178.42577283333,104970.59956816661,252553.480583808,245998.28135058697,239766.39795705685,281258.5357293669,121621.02525536974,109028.88562357936,136400.50697287804,245848.7224912093,186946.67084707046,173873.35345020477,181844.47199041766,362620.21699963405,202979.9339646381,0.0,178184.65480608394,92728.80935690978,127832.47224919523,196750.0089390807,240346.9577291589,219783.69218870605,83431.28179465026,236676.02672276227,129994.73043192053,212644.98073065185,105674.64855907006,131211.34395046878,278480.5951620101,440112.27734224324,364901.7158226832,379923.58743143996,267784.7823365481,265364.6638122519,377526.79337603564,381319.2415940776,499942.5211552525,351360.2398452408,343983.0961255832,566504.7893493781,391279.1432507849,452067.78525607445,332120.22552374104,460680.7951409063,426533.1946824437,374273.0642150847,330288.44149603485,353849.7466333494,432871.13209688384,342659.976801739,364811.2966092184,395279.53262125445,329456.74957831076,261296.69385490633,352982.00218533975,429983.6974994488,458741.6840515649,215750.5288286888,346546.69675647916,316384.0613117875,316829.6978294638,392314.8165336485,260333.8036214395,215491.73994736426,338135.4038445423,225400.77133337889,281792.9130804542,217790.96235614334,391575.6411378634
26,186403.53994853844,178117.09491058663,183098.08459050814,197647.734529848,179423.9480472833,198951.8153715756,193800.4777556134,357876.91695733176,216327.143992932,202645.69873757823,181842.3059523601,170061.74167857948,233520.68539417445,247842.02610329763,241645.99449071838,255595.08417168664,175448.65524046062,186365.29943234718,176513.98932646334,243346.403164574,191090.96675720307,196173.41580950757,194513.44626274353,357229.9014186764,216661.28772245735,178184.65480608394,0.0,187887.1603904842,193547.8883291053,221969.81999438012,186365.52108700253,238537.8223631613,167413.25617598815,148097.4808668033,132970.11820317648,165722.10044066847,181828.2124119153,136982.26710266128,210910.18171822163,463372.1596919193,404456.5971391169,414377.0581430779,324565.08046327846,313271.6955953368,405455.85958918347,373021.23604075034,489721.6313336837,384236.2172500016,364531.9081334839,522824.3999140188,387732.12043018366,398442.58011504996,385777.00348423934,420584.7920652107,431477.0818763212,366871.7293616474,385428.3314482207,323139.1241191401,396743.1970377395,376391.47570944624,383327.7547995319,371010.347128015,339279.4195740155,267941.9359633961,369350.26454042806,474706.979856526,438899.6150785136,228363.41212081898,333111.28564630484,348477.71556535776,368836.62527791044,381264.39764240565,265471.0447207603,239091.33954833192,330235.32148507447,256245.00592111328,322137.6687293067,240292.94556528013,372013.7478098009
