,0,1,2,3,4,5,6,7,8,9,10,11,12,13,14,15,16,17,18,19,20,21,22,23,24,25,26,27,28,29,30,31,32,33,34,35,36,37,38,39,40,41,42,43,44,45,46,47,48,49,50,51,52,53,54,55,56,57,58,59,60,61,62,63,64,65,66,67,68,69,70,71,72,73,74,75,76,77,78
0,0.0,8841.854028706812,9790.214599415352,10076.413742470253,8574.387812937517,16084.46642466274,13775.57497945356,33774.919381014355,20712.235496173755,18807.01998374625,11886.88688943167,11489.238957252175,21856.21450327868,21789.961166582332,20616.141969778953,23990.012764466177,10357.155753601555,11724.172137783546,9684.6762671259,21619.99421612518,16860.668717399018,15748.886780359237,14817.818404775111,32455.1141325626,17174.023373763226,12705.184164821252,16023.156279986662,13336.74682896922,13422.170104645498,17356.92537791088,22497.994421783576,17663.413595462032,11371.491980818846,19405.2866567437,11233.992419892305,17798.186823736018,12455.443209926383,11933.229267507726,24099.151103616463,36307.07039954375,30677.29882907082,31069.641379611934,22745.048253035005,22026.78071418734,33047.008656733626,30668.20494076976,41732.37551153143,30173.157424346045,28843.86115701821,46575.86230526165,33812.14137174944,37665.472323291455,29648.242010613925,40503.90461927348,34995.75735662061,29906.67119387002,29356.72173500512,29716.539507371697,36708.500057354286,28286.471012026053,29022.681205529283,31214.355094450515,26281.60080362671,20083.106783163257,29657.652443466137,39730.53054844941,38009.545508316565,17341.270468784736,27789.679376462307,28818.020026964638,28359.131053344758,32964.594649192935,21601.86396259489,17578.306886976952,29686.537309541243,19295.06186628561,24434.638786015148,18175.95672518312,31880.69549247811
1,8841.854028706812,0.0,10802.615171291014,9762.09387340612,9290.05321870188,16199.945021197902,13553.746027977797,33331.491976868274,20447.39784297328,18333.787118085194,12162.63474416527,11030.887137101574,21724.57949015556,21898.864953626908,20530.848643258512,23605.563223892706,10104.029123846216,11652.209754320837,9746.162391896185,21292.063237634724,16426.666121166752,15671.021500891125,14601.17259320741,32506.11318509746,17380.91555528939,12014.211290729538,15746.764395087492,13479.498753222575,12817.828800200441,16921.969061666055,22181.317371836252,17613.586041233324,11514.42082472833,19073.905470152724,10956.769991873833,17722.26622292462,12604.720023312058,11479.312822511833,24367.981991725752,35922.57166437114,30460.532854045676,30466.14460864572,23071.525392978438,21730.925602354146,33046.92105526791,30663.96213319316,41661.990192018435,30199.789797249883,28985.275968648373,46860.21479456903,33587.63812075628,37500.1067899912,29368.097432240633,40177.75923966262,34955.12289351226,30061.1919702034,28937.59740884771,29550.98295412493,36710.07324372692,28573.24020685186,29067.09154348991,31214.82272772914,26309.706840899595,19875.281882412793,29759.396082578656,39616.523105030596,38279.23457845278,16991.963703030597,27708.747680598837,28582.214161894295,28135.714159473806,32940.199265834155,21506.73717661482,17465.904811431963,29690.001083828698,19027.34154064792,24247.212204224918,17978.995047568744,31908.392023633212
2,9790.214599415352,10802.615171291014,0.0,12591.790683114308,10835.685425711954,16621.497735792993,14733.34739952087,33108.23191229176,21013.04068328294,19298.773109552734,12414.071481272395,12161.444470575385,22363.88675161961,21830.855764880052,21131.16466950133,24267.636358899916,12438.155885607279,12082.28905797426,10894.206965013263,21818.26926426773,16484.57434700066,16549.09075979238,15503.338600760078,32803.28293090552,17659.51689155046,13097.807081839339,16100.823686568887,14231.071256768293,13813.108116196108,17853.13613258569,22704.44151648292,18201.113556607506,12360.332600352607,20062.31566323934,12325.094842709144,18355.412738021674,13243.06621713361,12589.245533225267,24714.938415461667,36686.574533394625,30545.018170076684,31053.79910581956,23888.98021207949,22718.99162222963,33444.376947654186,31196.289765028698,42067.009698374495,30674.68216865362,29538.126045157038,46990.12260812176,33971.98576173628,37809.87398418539,29919.444579012525,40652.21597868917,35476.78436129244,30630.874024333414,29457.464736744787,29870.77985280976,36857.500669564164,29370.53698379496,29713.12520011724,31676.72947581943,26925.43636669947,20790.056634077828,29785.539269098022,40031.20274437015,38920.191356827556,17962.964472255375,28404.532135485246,29173.67206114468,28547.58918694463,33719.05088532867,21842.011976583042,17715.899631684028,30323.231976939638,19591.903370286833,25066.10454285041,18558.300392595953,32437.404130216648
3,10076.413742470253,9762.09387340612,12591.790683114308,0.0,10439.508795887517,17505.51493882616,14335.934292705453,34343.446947078315,21177.647602281213,19370.42278707065,13560.531945673984,12892.035714306743,22633.425900125327,22867.74449307999,21545.555279691478,24819.615815239787,11126.137523147165,13043.915529096443,12291.173707722495,22478.19708160447,18083.089840884753,16723.662112093825,16192.65091576342,33292.505012902984,18425.982005216978,13566.359999419716,17186.14112127639,14543.997451388339,14979.75825643084,17832.708787727253,23174.289569804176,18790.589853865626,13000.192605035776,20432.77169602765,13120.59253144453,18801.25053646969,13846.702300583236,13736.48240120912,25239.516633168143,36208.36617094562,31108.215654307765,31404.13643779009,23511.811834161148,22602.610403969356,33877.557809719976,31416.920687347418,42500.841177028924,31087.7958859129,29549.802488815287,47657.20682050647,34470.92162715017,38230.82993079701,30519.427079682973,40927.4904961789,35918.39332808837,31075.455834830493,30211.82538242194,30424.78187244929,37674.46691900466,29835.682699480843,29963.621515736828,32194.999970907986,27521.86332606923,21290.50685267589,30761.739415741664,40104.82490450265,38958.30396161831,18643.72111552625,28668.309446122137,29460.564956811664,28805.2456353012,33726.144507439225,22556.89320599543,18787.669663721957,30454.837462604475,20605.958248300773,25111.426776003038,19256.343784518533,32702.321285185135
4,8574.387812937517,9290.05321870188,10835.685425711954,10439.508795887517,0.0,16725.357904886536,14171.354454798848,33731.65617954121,20543.249827564414,18933.0688010809,12257.530192292968,11959.63543683174,22059.58100689398,22089.343241091286,20883.032170649654,24391.579517683545,10571.051535559529,12496.437599841547,10397.85919184946,21816.56425757735,17154.843012119392,16052.187740141719,15301.032655330831,32730.298586455214,17605.129324954516,13201.308784456543,15972.161681878515,13776.327538259442,13192.789859388127,17744.400221410197,22636.3516050606,17812.79231792756,11807.912139902712,19427.75809254839,11866.563991036215,18625.11023797579,12720.001158340376,12419.774705402087,24565.542163584716,36223.482695186765,30434.939476660253,30949.85725316941,23052.751521730992,22084.082936256753,33008.520856501134,31046.224820323743,41915.07636078127,30185.551852248147,28949.26592696699,47086.23677927279,34079.95376031665,37622.88351891774,29093.57203182487,40449.21775117659,35301.39086580486,30506.849345031136,29184.25358161426,29989.308317985575,36907.912299821306,28990.835745296143,29211.696699560525,31035.843718048724,26453.370215027022,20091.10081253918,29517.349522225544,39371.71723029752,38680.031545573926,17299.333237956685,28042.45192527503,28775.395159995267,28388.45700499983,33328.657582285225,21680.317598561764,17823.17933050247,30023.899396687597,19217.668692098294,24501.40397616119,18187.831309175814,32185.038101382837
5,16084.46642466274,16199.945021197902,16621.497735792993,17505.51493882616,16725.357904886536,0.0,18534.215108236996,31085.953331478286,22205.746192632723,20015.960742638348,17377.219665347944,16708.311076981536,22610.3157266538,18678.494500641544,17748.467137649033,24909.965935015614,16763.20056557086,17036.68689346765,14622.14848593867,20428.0445015092,17757.804476313777,17621.596778394574,16923.698454288013,31597.256691759972,19188.59840912115,16342.674028685862,18211.363892733192,16801.012792442783,17333.16534851891,17921.903635933166,24079.869632237438,20164.944750530896,15458.96922042733,21240.71037456389,14557.282942982825,19671.327557911434,16306.065468502433,14954.029048543622,24747.994058357417,39242.56430880133,33337.04971865438,33528.02436080812,25903.350481597143,24976.665631296823,34837.409748292965,32085.73314601257,41810.413814939326,32652.468764550216,31425.091509285045,47168.16614926904,34497.13596824259,38602.91999515858,31572.920914404232,41200.48889369201,36086.87900284767,31518.094880555036,30984.485483698765,30223.516744372635,37265.96543704362,29791.337898534417,31031.601061523063,33247.8870342581,28278.634936580278,22554.531019717302,30788.007072429282,41684.38565429942,39284.639535283546,19392.485748393887,29176.405179090583,31033.68122081646,30815.773305625913,33643.96490327583,23458.29100359441,19342.32768650543,30750.541195017697,22754.248752470423,27092.407090840927,20272.34232534299,33444.7505958262
6,13775.57497945356,13553.746027977797,14733.34739952087,14335.934292705453,14171.354454798848,18534.215108236996,0.0,34611.472660589614,21585.564639962595,19888.847483333506,11474.766144954616,11534.215962023047,23245.06658207416,23037.2582059748,22587.104239661414,25404.961403409274,12964.79998969479,12242.630518761727,13999.63078772693,22787.558429607743,18806.470022677946,18196.814708416154,17772.304486879635,33603.54071919374,19050.136925675153,14410.42352575956,17477.02487302031,15806.589416790259,15036.050656732014,19420.99879580266,23337.369080622095,20233.74556493458,14242.67275530211,21126.020697901207,14872.272603704585,20575.12074969372,15083.038746285763,15154.208961730554,25805.48297083578,37782.25735238685,31435.898724896833,31849.769616217767,24915.346453400925,23544.769590146592,34260.75279721086,32301.533512847906,43110.51718356944,31391.48038701501,29626.97566829287,48224.41927226177,35459.35436586638,39148.16125925037,30221.907868780643,41972.03233991695,36668.48519594678,31955.699441509503,30768.0742014441,31619.44867128032,38314.03169713027,30934.294550185667,30608.11723498829,32562.00709832487,28065.393330290357,21712.371031663803,30663.28829819016,40568.880065247315,40001.61220108903,19898.22197354552,29641.61535423054,29632.878470959233,29338.922826254242,34406.54683841233,23638.53806139384,19462.62431387472,31345.29788562009,20869.063847169153,25096.637259563413,20090.421664327594,33528.837950969515
7,33774.919381014355,33331.491976868274,33108.23191229176,34343.446947078315,33731.65617954121,31085.953331478286,34611.472660589614,0.0,33649.7433895378,34046.38372136512,33702.56339629345,33449.04498505206,35136.1562386595,32253.13876402357,33722.528663307035,36928.77904183998,33844.77117454586,33421.16205742459,32346.282695649923,34044.39267909748,32305.157111228666,33245.29538226371,33388.36625356953,39659.212801942456,34274.76258081058,33374.905537450286,33821.039512208954,34413.35986787379,33967.10154468249,33516.173459747195,35371.32086423327,35483.18227466304,33579.1038485458,34864.47688546792,32032.668751152698,34859.57942975358,34014.58957656851,32190.888741832678,38017.70670762995,48115.13778967769,42360.56858599447,43295.11208049588,39490.29090754603,38287.46996590331,43816.23604072965,42817.91880721108,50583.918071293716,42308.26073793914,41914.0864981707,54610.45201024797,43594.146856659834,45994.11474228232,42057.46463669126,47963.58528155717,45545.246384441445,42703.930217129986,41696.97198545309,41798.75583560052,45100.42183203591,42145.25756676851,42053.25332280581,43257.40730555387,40328.35539404741,36719.33589642423,41677.65246088442,49174.4589162902,48085.58725344039,34320.10269696552,40740.68503264135,41806.64310770253,40937.84074609733,44652.863256631514,36957.805980464065,34736.10480012721,42387.3581023183,36656.91541828977,39143.362183087695,35573.19347020309,44291.27984507061
8,20712.235496173755,20447.39784297328,21013.04068328294,21177.647602281213,20543.249827564414,22205.746192632723,21585.564639962595,33649.7433895378,0.0,20767.64675319256,20610.760709044953,20773.251972503684,22163.550493451137,25192.154443022246,24319.403660738135,25731.22391636556,20571.78269820702,20883.14577603436,18856.11664783653,26040.16036814236,21810.814159873516,21720.82377588074,21627.46723228601,33632.78706181294,23435.06269424025,21065.42016965167,21004.662643073276,21754.204786751226,21475.71377259288,22738.229139559196,26052.8795471192,24372.48204602344,20502.014727294365,24625.279595569013,19553.13265006157,23889.6784644847,21254.650280072776,19929.53849936465,27703.11490512724,41155.71131353152,35008.380653566914,35757.47310127109,29409.49889109182,27857.566002518168,36900.36480492294,33659.28022015927,44011.66512585627,34984.30342880969,33825.45472523152,48308.914943900294,36699.20349032054,40214.682405445914,34598.38790523449,42703.456616172705,37051.34545813224,33990.10817007899,34421.09749103168,33227.45082849646,39800.09298550591,33353.02000798253,33037.51345354163,34782.520566027604,30977.32614996722,25428.259007292247,33951.773420964826,43208.01502347252,41894.96451778695,23818.675554998605,31501.89440270198,32913.49358933864,33231.1978351969,36541.32894176912,26862.0962506489,23866.872813467842,33908.415253524865,25185.26534858757,29322.477644718238,24312.723232292476,36482.40217704457
9,18807.01998374625,18333.787118085194,19298.773109552734,19370.42278707065,18933.0688010809,20015.960742638348,19888.847483333506,34046.38372136512,20767.64675319256,0.0,19350.19989396957,19047.003284187107,20515.40770992227,24355.689257709957,23271.90906050064,22788.886361861198,18861.65615261063,19165.251592043034,16653.02506800464,22899.482098346245,20058.957343513324,19583.30311009528,19534.153653702404,33890.200056336515,22184.809900015058,18840.60509948515,19424.824516138127,19950.881299472065,19592.382453371585,19747.575145239636,25318.28107577287,22032.671408147948,18457.435339068703,22258.659765123426,17203.424274239744,21882.025524941695,19443.94872207361,17279.138439701943,25184.045800712403,39933.71055209891,34260.47272650054,34613.2350514431,27374.20520034649,26475.563006926703,35721.47212866154,32861.70370087744,43630.256603277,33550.98119825014,32154.658241948106,48204.89054003466,34992.80699744543,38189.624141169865,32457.09143192367,41805.048798933225,37084.102123617566,32397.999637738056,32109.52478400881,31795.56472710596,38242.897752526624,31773.706679868985,32415.939433283955,33770.376866189996,29712.461166440844,24404.871838206112,31901.552437851133,42548.26260916828,40867.33509239891,21725.910160317195,30441.155020694154,31981.308727558742,31620.24512939613,35242.34750683497,24447.489339318123,21440.776866239932,32722.10858217427,23589.986611759185,28332.469772083143,22708.542026277195,34913.020221944695
10,11886.88688943167,12162.63474416527,12414.071481272395,13560.531945673984,12257.530192292968,17377.219665347944,11474.766144954616,33702.56339629345,20610.760709044953,19350.19989396957,0.0,8619.275634365897,22223.23980614973,21839.75408268568,21473.03243482043,24539.582265724574,11138.007901556946,9149.172915390034,12344.74836831935,22125.88009857673,18010.04370485342,16833.28247673944,16668.45652054995,33382.27486570926,18603.73407147753,12984.837248931628,16361.267427832014,14437.910582463644,13697.77220518853,18572.15567483722,22570.63085888748,19245.704301277445,12613.337274598796,20292.054091579786,13242.545811503478,18991.506848028395,13631.067274831106,13627.057668180865,25308.869507966425,37155.604881866595,31370.779739973324,31109.068177746518,24067.847324189985,23056.192343102204,33797.22523160028,31796.754929314047,42572.25692650853,31054.384534518853,29827.168923601123,47558.50794077309,34840.72553912606,38689.731903702865,30162.593166144405,41222.620327700184,36205.666319025004,31278.50849974127,30157.621942938546,30773.25705784308,37728.7593515292,29919.54006578018,30174.696211164188,32127.271367023168,27437.766267963092,21126.953603300844,30642.4709607896,39805.303721307864,39523.96435806626,18880.65521936255,29164.952596485484,29081.73381114087,28423.129524416858,34055.58796177146,22760.161718757532,18697.499289888343,30631.15824475499,20288.361665784294,25003.096668613503,19476.853632660688,33384.24302189436
11,11489.238957252175,11030.887137101574,12161.444470575385,12892.035714306743,11959.63543683174,16708.311076981536,11534.215962023047,33449.04498505206,20773.251972503684,19047.003284187107,8619.275634365897,0.0,22176.772257610923,21845.15529003542,20698.19523382204,24120.34814284348,9811.083960860684,8741.163769518593,11586.457958360925,21862.51976470749,17101.919936383394,16290.801609900142,15850.367601256916,33018.18930495924,18280.064619441797,11790.73117711838,15750.613029428378,13433.570008682032,12498.72554510813,17770.342135336352,22216.089938852405,18996.171555037323,11786.906851726064,19466.071561893743,12537.139031854267,18517.63238617329,12571.061446061463,12843.130814381386,25195.1450996686,36952.57756938444,31202.906414051362,30959.182279219578,23771.253630257906,22731.522122221424,33372.14128766716,31502.554181806274,42287.39613771561,30446.935229430495,29208.149862388636,47229.2079992908,34324.69749306317,38314.96023988649,29606.781852384334,40950.70653731764,35952.17454818845,31130.018844262308,29072.184711926155,30285.948632378942,37432.057416396856,29783.886423492215,29710.244472477953,31802.952038721254,26919.858990880224,20784.5089825315,29968.44843531414,40016.92200613447,39186.380993147905,18316.56802962096,28719.323105564465,29147.320567588544,28383.918106978388,33803.55409316813,22483.897045845024,18266.937956423157,30472.923978285977,20294.835807239535,25041.908242396792,18932.00679319386,32926.73502677011
12,21856.21450327868,21724.57949015556,22363.88675161961,22633.425900125327,22059.58100689398,22610.3157266538,23245.06658207416,35136.1562386595,22163.550493451137,20515.40770992227,22223.23980614973,22176.772257610923,0.0,25076.236550686313,24883.740098933067,24553.817770179354,22028.03578386585,22496.684877084565,19825.626767704056,26505.876868668925,22241.449733087262,23259.48609779241,22338.54721399973,35196.12143342588,23812.45163355451,22429.393273226193,21967.47399721953,22924.481199374517,22660.37232157495,23364.98273950201,26325.087661894235,24943.855787196902,21777.966946888526,25991.57860147124,20262.972056519742,23891.567451114573,22520.749216095268,20469.874264759288,25939.38190092453,42103.08583541964,35974.6173429226,36847.859101925336,29853.067253453195,28645.69961007209,37598.672492316815,34665.64235288484,44449.68527223171,35777.99691916853,34458.324590526594,48243.610212703556,37186.235816560045,40242.468296487124,34475.68720060186,43164.743252753484,38245.9207895874,34563.13830170354,34662.21985237595,32974.77856555099,39902.1938583669,33153.37349010761,34378.17642846846,35305.68551477869,31254.502038973525,25955.98346973592,34621.949166324244,44284.43618820333,41823.20487837851,24426.24775334057,32285.942481275557,33794.4536995691,33704.15693109716,37326.49701325515,28167.909278703613,24844.67722966176,34292.49191688179,26550.107883743654,30191.284174820135,25492.53723816728,36606.629025974275
13,21789.961166582332,21898.864953626908,21830.855764880052,22867.74449307999,22089.343241091286,18678.494500641544,23037.2582059748,32253.13876402357,25192.154443022246,24355.689257709957,21839.75408268568,21845.15529003542,25076.236550686313,0.0,22720.181152769015,27841.101005066528,22124.17801207975,22019.78748272659,20548.179277055602,25098.98833842702,21765.667577981,22828.90737706192,21783.912693772483,35394.86024851045,23883.612195368594,22067.66259926688,22566.97387463476,22390.892797329616,22704.972428145567,22703.71349508079,26263.960066447566,24525.634937058257,21542.299096203824,25878.246329102374,20099.850693352786,24477.923420790885,22174.778833936205,20530.212153623597,27628.212571209333,41456.27224599105,35715.46746789416,35773.53436618646,29182.32870274218,28154.307162062472,36769.23756267346,34329.7995135186,43765.67206585358,34923.23651310722,33265.514190513124,49236.17500453507,36522.15872743144,39960.196909932245,33766.97316668553,43050.83608300301,37606.79897293029,34053.00898274435,33934.927630147824,33140.923462865416,39279.82792349953,33731.128026498205,34072.70746383381,35127.848486701114,31977.031372303158,26229.529641774567,33812.60752247201,43670.87360975416,40854.31408342452,23913.66985278791,31905.6360423022,33624.97459226865,33741.98022392821,36361.02013660858,26834.369923440907,23759.887670075823,33084.37670181645,25692.258707063156,29528.95499792323,25128.157351638583,36081.79766869032
14,20616.141969778953,20530.848643258512,21131.16466950133,21545.555279691478,20883.032170649654,17748.467137649033,22587.104239661414,33722.528663307035,24319.403660738135,23271.90906050064,21473.03243482043,20698.19523382204,24883.740098933067,22720.181152769015,0.0,26892.93934570328,20825.440036868935,21229.38361913896,19027.818605602766,23349.892225439566,21907.53656093332,21420.427654193158,21565.287236530596,34762.472453896364,23563.881763326306,20825.27356932445,21533.76446238054,20984.302278064977,21413.058867947842,21875.355853281206,26948.45846833137,23087.9977910151,19759.2459127825,24203.1362368834,19205.221141507405,22529.41713864067,20489.993212804635,19400.478545997128,28279.424703369885,40762.77249341386,34980.79087148117,35176.79339499049,28195.84407650942,27127.79322596381,37142.588757109625,33796.13384083592,44091.08575421142,34025.387400207874,33396.49839496228,48453.74679202549,36826.430879605854,39885.93282211744,33577.44918570136,43330.66704836948,37891.70778635388,33965.473293323535,33785.6139683875,32536.974220081713,39038.81352924705,32666.07206905948,33045.280088839616,34104.51308531616,29925.352612214137,24890.302395684215,33556.003892319175,43005.349295498614,41569.21170406896,22457.287139536726,31352.3161361113,32415.084095387265,32556.40838477602,36458.195539649125,25929.64370323695,23547.772076402962,33505.98768020603,25019.651224483994,29023.906347358832,23626.737274694464,35738.357804486484
15,23990.012764466177,23605.563223892706,24267.636358899916,24819.615815239787,24391.579517683545,24909.965935015614,25404.961403409274,36928.77904183998,25731.22391636556,22788.886361861198,24539.582265724574,24120.34814284348,24553.817770179354,27841.101005066528,26892.93934570328,0.0,24169.863067730737,24343.831984872853,21783.26095350751,27239.29308914665,24764.61336566367,24557.63003157198,24252.80989246466,36100.661447031685,26354.22626054272,24264.564292190313,24179.204126802655,25015.024262813993,24568.666196135146,24637.27300657802,28504.785243727027,26038.140720837462,23789.715196870406,26363.836497782813,22312.179960327838,26512.422285522207,24584.698808834728,22582.995351519065,29445.600509802644,41816.2518432431,36456.22120420151,37249.70146881497,31016.08736490962,29635.035184126395,38906.848209897915,35494.312670148865,45896.10412028421,36612.02881541726,35118.71518100029,49309.87460451414,37781.446856025315,41933.61048147332,36153.23458748038,44271.1509088086,39520.119716712514,35347.86873277062,36069.423971970245,34070.69612783968,41092.05598731828,34812.16699714135,34342.22599686273,36253.86033226756,32083.952671364757,28208.849508476636,35626.607190589704,44786.63243517767,43430.93802453099,26000.813712144816,33787.96700842294,34983.758692563475,35043.50304363565,38112.287007972016,29069.53681701869,26482.683460073506,35860.74138662967,28008.216909777824,31184.19435536005,26381.67896954389,38214.501449051764
16,10357.155753601555,10104.029123846216,12438.155885607279,11126.137523147165,10571.051535559529,16763.20056557086,12964.79998969479,33844.77117454586,20571.78269820702,18861.65615261063,11138.007901556946,9811.083960860684,22028.03578386585,22124.17801207975,20825.440036868935,24169.863067730737,0.0,10887.969427330763,11139.734037362701,22026.946117900283,17369.07063955483,16219.799680737875,15737.900865903302,32914.62983579889,18017.71984923626,12629.712443787583,15954.636738533525,13582.335419503244,13669.883988121619,17389.425366629996,22605.24971250141,18779.721671855692,12104.121972962945,19613.669140436785,12092.65232278144,18672.20512831272,12590.896226403387,12664.738437031117,24835.11184458729,36607.51660351987,31032.375183476022,31297.381890080913,23593.989625036596,22423.708766584394,33536.60758222668,31481.6182641748,41942.27603766789,30739.659870064967,29511.99527204087,47314.71306375429,34411.90984575071,38051.80899314909,29580.480698154734,40759.6031164158,35460.80004241006,30628.451645126755,29597.277617538697,30274.486761631975,37075.47323966278,29644.64317386006,29836.407192227856,31917.34627112181,26998.75513118664,20661.822702782538,29942.47035996117,39989.53983700817,39048.95759399852,18098.143306910006,28657.96706079392,29040.62808467025,28714.713023740533,33792.61956077781,22008.22000901225,18390.31844426443,30366.305041631047,20236.591796488705,24886.993281073726,18875.65954744759,32628.00402664498
17,11724.172137783546,11652.209754320837,12082.28905797426,13043.915529096443,12496.437599841547,17036.68689346765,12242.630518761727,33421.16205742459,20883.14577603436,19165.251592043034,9149.172915390034,8741.163769518593,22496.684877084565,22019.78748272659,21229.38361913896,24343.831984872853,10887.969427330763,0.0,12186.852728802842,22119.964899926275,17227.76670415966,16818.723964623274,16039.514490528416,33283.638150136685,18170.7035402117,12271.588707432766,16629.058707482956,14102.34851557889,13237.465271073925,17923.093838331002,22700.588249798748,19123.890366597392,12617.859411786889,20113.5416223327,12916.329245984827,19059.39638999542,13462.96208291908,13338.712520996121,25433.27791169859,36957.43012009386,31601.976138536826,31095.917809576255,23949.20318052513,22828.900213708705,33816.88676913357,31456.254064806202,42404.7974245727,30377.31299634372,29427.366029506346,47421.88819756337,34544.55839114053,38524.24616222405,29980.629825734464,41120.041507749185,35751.66815716471,31215.464206167537,29634.58021770471,30676.07997770171,37552.25828081255,29789.132837831174,30125.186340107604,32179.05425088118,27244.97740162761,21079.981729285246,30532.151602410016,40228.43710512065,39162.61826044015,18215.816942911948,28815.965543984617,29460.183213863773,28534.31743114779,33796.07213093894,22694.380253076397,18668.79422932852,30612.838300426596,20133.17716885754,25200.555210073675,19328.84501521038,33092.322392605696
18,9684.6762671259,9746.162391896185,10894.206965013263,12291.173707722495,10397.85919184946,14622.14848593867,13999.63078772693,32346.282695649923,18856.11664783653,16653.02506800464,12344.74836831935,11586.457958360925,19825.626767704056,20548.179277055602,19027.818605602766,21783.26095350751,11139.734037362701,12186.852728802842,0.0,19965.99113567876,15060.808738367934,13887.036105832241,12715.2787625554,31280.993595631353,15761.274134030991,11053.494660190565,14107.165348818204,12375.199953903237,12244.504221087474,15477.188895430603,21152.59313726326,15808.068170968052,9465.253273623568,17946.247828572727,8471.0018654106,16206.981573578803,11074.083125004245,9102.160271828292,22789.620133976536,35782.459455898526,29940.100581423696,29864.97157464642,21853.356259074382,20628.767080003534,32121.69040829394,29007.885355072744,39924.68733365611,29176.272721332865,28021.789184828394,45274.31624155034,32309.520180610678,36200.42721668596,28374.388570141535,39069.102426506084,33226.16052944533,28341.74191173538,27786.395006787552,27923.253532106442,35348.95620582651,26846.505481675656,27133.034076510143,29396.908286334085,24274.50851393179,17324.0659381691,28118.05488509554,38673.47311916344,36522.02612326581,15258.573135461504,26141.440641008096,27492.726981903717,27108.490900572877,31294.91548954872,19527.385701967774,15290.452355982805,27860.61130592608,18211.976813460304,23155.953369567094,15803.538634891487,30501.485751771703
19,21619.99421612518,21292.063237634724,21818.26926426773,22478.19708160447,21816.56425757735,20428.0445015092,22787.558429607743,34044.39267909748,26040.16036814236,22899.482098346245,22125.88009857673,21862.51976470749,26505.876868668925,25098.98833842702,23349.892225439566,27239.29308914665,22026.946117900283,22119.964899926275,19965.99113567876,0.0,22584.366999021746,22126.5327080841,21925.674870444098,35065.165632470285,23051.345481696662,21638.962953660204,22668.76528755918,22448.713962823025,22320.89583824652,23228.943820702636,25758.39765418102,23811.0139914622,21187.24771124606,24305.634079715903,20168.448964798466,24022.655096968763,22015.675248742686,19873.696240449834,28495.41980103049,41403.39371588764,35265.352847821705,36057.476236086106,29030.631849817433,28366.494987472244,37537.95700328701,33386.30484878963,44122.89606205937,35287.74778976152,33980.75112303424,49010.341601591535,35957.84666852902,39803.00192306861,33467.82726195636,42196.99941393525,37834.32402610533,33891.134328545995,33854.98638248923,33144.13511377608,39060.934569118726,32986.33269586364,33265.298680782034,35353.185066455226,30573.13971090046,26131.017221425478,33845.59446458616,43900.72577735445,41951.510923733695,23320.93110346562,31497.75372933772,33428.91396079708,33890.56204624501,35622.08801408822,27068.328009347486,23389.38337232587,32113.914959900754,25851.08999418295,29725.673688953924,24101.811426213517,35827.28385658168
20,16860.668717399018,16426.666121166752,16484.57434700066,18083.089840884753,17154.843012119392,17757.804476313777,18806.470022677946,32305.157111228666,21810.814159873516,20058.957343513324,18010.04370485342,17101.919936383394,22241.449733087262,21765.667577981,21907.53656093332,24764.61336566367,17369.07063955483,17227.76670415966,15060.808738367934,22584.366999021746,0.0,16952.402668451028,16161.572232671711,32691.11928290337,18196.669395809477,16656.003092668798,17874.186494397913,17899.603043797502,17858.976223893813,18910.060312432586,23450.830569792855,20333.949598614185,16640.23398560765,22300.353205746822,14885.132317272888,20017.3929720318,17609.03843025966,15472.693336404936,25392.81130584355,39433.41724392472,33279.4500207172,33370.56838559454,25951.732849542077,24933.92628998487,34856.29935505251,32493.897042676523,43350.39202293122,32859.97651189429,31599.573058645026,47607.670622634294,34341.76302253079,38424.97042464545,31764.90781201684,41290.00301995576,36104.890249389275,31704.834600107028,31078.65089498736,30583.403713472646,37328.54562832796,30922.438428414887,31609.887582967895,33201.805301783286,28625.30268549293,22760.7127419159,30924.033340883645,41463.13209284015,40374.837208162346,19543.223892009388,29920.588139794145,31149.50319559308,30955.089701997116,34745.29377437628,23619.383004543597,19912.9760107795,32152.285656637392,22158.168332508332,26788.809738823307,20631.048347050997,34234.24635899588
21,15748.886780359237,15671.021500891125,16549.09075979238,16723.662112093825,16052.187740141719,17621.596778394574,18196.814708416154,33245.29538226371,21720.82377588074,19583.30311009528,16833.28247673944,16290.801609900142,23259.48609779241,22828.90737706192,21420.427654193158,24557.63003157198,16219.799680737875,16818.723964623274,13887.036105832241,22126.5327080841,16952.402668451028,0.0,12179.21549221174,30076.138473858788,18288.830480699842,15789.457645520983,17738.297567723315,16542.78418193716,16795.827273217346,18579.509746907803,23510.318762179635,19408.04512403429,14994.338308036788,20643.322406732794,14214.992817973827,18586.820729017105,15645.583857921407,14692.508521395723,25342.08236118023,38787.33773703983,32787.551207161254,32986.055044353874,25147.962028421756,24552.1692010189,34657.34398365738,31689.458392592638,42561.81833824014,32335.028023975217,31214.471658500835,47024.045479562876,34409.85908036138,38208.26113201393,31317.622491045066,40910.57838327633,35715.29922981482,31570.965734569134,30786.03596299112,31070.1222079844,36997.0885628405,30302.156692685785,31182.730472060954,32511.55267844551,28246.717532621355,22145.44606718462,30938.475186266332,40932.866363085705,39669.529049310724,19265.253086948185,29580.54928896498,30484.1192251946,30262.843881738583,34482.28263851874,23592.27392630932,19501.736605761023,31436.215680514142,22190.20932046197,26683.14467539551,20159.8431582093,33679.243421854
22,14817.818404775111,14601.17259320741,15503.338600760078,16192.65091576342,15301.032655330831,16923.698454288013,17772.304486879635,33388.36625356953,21627.46723228601,19534.153653702404,16668.45652054995,15850.367601256916,22338.54721399973,21783.912693772483,21565.287236530596,24252.80989246466,15737.900865903302,16039.514490528416,12715.2787625554,21925.674870444098,16161.572232671711,12179.21549221174,0.0,29901.909330116065,16746.621908123252,15504.482518757573,16876.09116137208,16008.015621197932,16451.29037309837,17578.518520834292,22672.09029767481,19105.67100967935,14456.504949427534,20197.301704245856,13400.921493739055,17966.84293978458,15675.02461678064,13674.388034628808,24631.6031475393,38726.29717630965,32665.930103371233,32584.53070999022,24790.773287008287,24024.536330662733,34469.851422972846,31677.64209514666,42741.19478168209,32165.870758604084,30878.88966780086,47208.326071932075,34150.928212783794,38225.62756790277,31212.43344515996,40865.477635808966,35637.06715634503,30846.767795743606,30681.42197148024,29812.752665343753,36935.202577725824,29684.80071460479,30701.305612868386,32657.535472482792,27893.187860907125,21741.041554113577,30370.17501242379,40976.538160809265,38998.9610434103,18831.586731887757,28711.817137658112,30213.33635657076,30093.776846233646,34001.620485763044,23291.455532637432,19099.112883594975,30358.921045145173,21346.492389228508,26415.368959218376,19528.76813239858,32665.712234799455
23,32455.1141325626,32506.11318509746,32803.28293090552,33292.505012902984,32730.298586455214,31597.256691759972,33603.54071919374,39659.212801942456,33632.78706181294,33890.200056336515,33382.27486570926,33018.18930495924,35196.12143342588,35394.86024851045,34762.472453896364,36100.661447031685,32914.62983579889,33283.638150136685,31280.993595631353,35065.165632470285,32691.11928290337,30076.138473858788,29901.909330116065,0.0,32139.34997440994,32608.430482180436,32908.978613252955,33048.642231431826,32952.44957920917,33052.65247949702,34654.58650529201,34131.87983554613,32161.597659437804,33710.55456311535,30742.25070537121,33074.327361015465,32918.83096629801,31216.002032487275,36235.220933595054,47818.75782732204,42340.91271377076,43332.01459569327,38001.19980829081,37516.69832553097,43463.430893087956,40766.326021939494,48589.573901865486,42631.84610437997,41463.33353133978,53381.41925192538,42818.41297812707,46301.878780421815,41533.47452760576,48463.04427926435,43822.15398845898,41475.06178791098,41123.32440556334,40405.268387718854,45181.78103339571,40874.801262147026,41035.04808277641,42567.88810444809,39083.77169868227,36262.19555843536,41441.19401058939,49234.513581939726,46121.50125710044,34250.75550358148,39926.890824394286,40592.32630507117,41476.497728722556,43179.46912640314,35711.57258863246,33509.54654410576,41272.06712137764,35980.314658420044,38165.83132412593,34422.92866943583,42672.910907459824
24,17174.023373763226,17380.91555528939,17659.51689155046,18425.982005216978,17605.129324954516,19188.59840912115,19050.136925675153,34274.76258081058,23435.06269424025,22184.809900015058,18603.73407147753,18280.064619441797,23812.45163355451,23883.612195368594,23563.881763326306,26354.22626054272,18017.71984923626,18170.7035402117,15761.274134030991,23051.345481696662,18196.669395809477,18288.830480699842,16746.621908123252,32139.34997440994,0.0,17906.18869089525,19365.632542490384,18741.651342058612,18441.619302556785,21096.14361841575,24048.270220362774,20872.524530485858,17413.243757008895,21469.241188574513,16504.401850508297,20957.31785120756,17940.214360849775,16843.38923246295,25916.70646872684,40037.985986970714,33829.579639090545,34116.69315194565,26617.225932932706,25888.971204775607,35973.25212519286,32685.56104869969,43167.91199701777,33146.877509032514,32099.53674844336,47523.5497431129,35091.99242451997,38410.22827714635,32256.483039894923,40836.938954667545,35926.760250389256,32327.43437733834,31783.07379055375,31487.94624564875,37584.374921010654,30627.79396258471,31255.48722967584,33747.792647035465,28631.396149188615,23203.16439568674,31470.554116050993,42159.794076919636,39528.90571305848,20405.622046373603,29319.016169247356,31406.493122607604,31548.651426242704,34437.23580802175,24742.41568605948,21532.422460906942,31046.68737892167,23081.56370853098,27639.991313919512,21555.049291730025,33107.55392415546
25,12705.184164821252,12014.211290729538,13097.807081839339,13566.359999419716,13201.308784456543,16342.674028685862,14410.42352575956,33374.905537450286,21065.42016965167,18840.60509948515,12984.837248931628,11790.73117711838,22429.393273226193,22067.66259926688,20825.27356932445,24264.564292190313,12629.712443787583,12271.588707432766,11053.494660190565,21638.962953660204,16656.003092668798,15789.457645520983,15504.482518757573,32608.430482180436,17906.18869089525,0.0,16097.233420770553,11360.595817306908,12947.864424151492,17331.132790295767,22190.616977143287,18290.27867689931,10109.080265878994,19984.216655102067,12045.820428731979,18630.58396920104,11524.344663597432,12104.348596712527,24640.859458669078,36867.145682398805,30938.56840139289,31188.464590019164,23106.95324104243,22059.35467102926,33227.942960992,31243.35509782855,41808.06862211608,30411.000873072946,29487.345357321687,47082.509160637564,33886.731145971105,38030.35321614903,29413.89986609119,40447.470523306634,35328.30116569808,30580.279400852272,28821.049594345244,29748.554383170977,37234.19806625163,29064.400966317437,29453.632097509922,31560.51772689114,26530.12126079409,20358.550303481734,29713.875260988854,38772.26445400303,38149.13644487796,17898.806433505655,28259.13177653047,28557.347735321895,27887.531679543845,33038.72073868342,21803.19259876484,17884.052170190553,29576.92240556053,19909.650611006837,24256.667828562608,18111.685058342417,32260.802602491793
26,16023.156279986662,15746.764395087492,16100.823686568887,17186.14112127639,15972.161681878515,18211.363892733192,17477.02487302031,33821.039512208954,21004.662643073276,19424.824516138127,16361.267427832014,15750.613029428378,21967.47399721953,22566.97387463476,21533.76446238054,24179.204126802655,15954.636738533525,16629.058707482956,14107.165348818204,22668.76528755918,17874.186494397913,17738.297567723315,16876.09116137208,32908.978613252955,19365.632542490384,16097.233420770553,0.0,16977.39651413034,16844.98709478524,19261.939675316975,19990.621771866136,20011.17685551659,15299.968483988552,18415.6659707649,13936.171384971589,18272.184025544164,16055.162684500152,14294.095202171773,22641.727938006446,38754.909344987165,33043.41324141692,33245.626006752005,25944.165577077238,24879.10975548129,34943.03630078819,31463.40299977038,42707.17721355542,32518.677571961594,31318.690042821276,46970.98348573506,34020.765943023216,37922.98670753286,31883.590927593224,40623.892810388,35980.488497876875,31345.901447973905,31381.433833063988,29814.223408557555,36776.89359283976,30530.993212581554,30876.394439163494,32758.681294645703,28263.199130289086,22591.11221505131,30822.825963248713,41597.44047456474,39658.39412833833,19624.637508334115,29131.412537420725,30455.101931581976,30723.9477124175,34301.55447500129,23036.30662374494,19891.716277231408,30875.418310411314,21998.368981280946,27014.67532002458,20248.119435092063,33550.55560856417
