,0,1,2,3,4,5,6,7,8,9,10,11,12,13,14,15,16,17,18,19,20,21,22,23,24,25,26,27,28,29,30,31,32,33,34,35,36,37,38,39,40,41,42,43,44,45,46,47,48,49,50,51,52,53,54,55,56,57,58,59,60,61,62,63,64,65,66,67,68,69,70,71,72,73,74,75,76,77,78
0,0.0,45567.366109201794,56110.195391193854,55192.07611691657,46910.70266802996,87117.62237414402,77240.14243267708,244602.07037369313,132784.8489265384,114553.68704126836,64624.846975511464,59477.02042370952,139810.58617131997,136542.4333339299,128924.11228005585,156903.15318727185,53432.54245838105,62303.269519078014,66138.8947494817,134466.62512840933,96313.04956998653,82928.04702955381,75827.93583716174,233932.7824958166,97792.2431726204,64352.10613152512,85657.39037040656,67723.85082536448,70952.34403664086,96330.36682758534,140262.87847576087,98665.1142258442,54321.82229667104,133312.41236809158,53845.54920052295,107108.8215600741,60105.38163840097,54371.866305922864,162420.66898898568,284297.64975386334,225346.8554389845,228644.80837614177,149056.85551732115,140400.86483130557,244212.83893282138,214795.8984915645,316885.2963774571,213355.05582455572,201039.70314705474,363560.79557259596,246991.40584913176,288090.54316204693,211640.20193957345,315187.2512336508,256896.07084597886,213639.290496876,209222.56262818075,207125.369935785,271448.93639113643,198409.49070026903,203846.01385383555,220029.3626856889,178377.58588802515,127098.6352005005,213069.09192186547,310340.36386116495,290450.8227457955,95155.51119795119,186807.3816859693,200009.57692920094,205186.89245818413,236535.45081994985,132824.5974690497,97354.11300216545,207514.85470775436,118081.33057716313,159476.34653049972,102898.68009592616,232084.5360109303
1,45567.366109201794,0.0,58391.860155844166,55924.836870175124,49906.21597443462,88471.76621644304,75058.87016725224,243567.06397881164,133090.4793899084,112617.57673341302,63830.104155513494,55593.6874885444,139669.7996218325,138624.78926734676,127960.61467662537,156350.2350133039,52954.13500774542,59301.124945314245,67096.82975988562,132918.41140446605,95361.2935728108,84818.16662734626,77571.00576701642,234342.0518568576,99061.96802303886,61037.213538421944,84370.23164386426,70406.5371714523,69241.74176777595,96565.73679277944,138998.70867468507,99636.87985990928,54708.75358557982,134129.02256313543,52414.53829176995,109404.64154506453,61509.806248353285,53980.91153221673,163175.70164368572,283704.7003614687,224686.41943610905,227245.8642651698,149418.4397803211,139596.6687223617,243647.7622684685,215277.07000711886,317097.1173920246,212471.86926110237,200468.48501203948,363711.40228175273,245667.5401481087,288006.68735844735,211389.83400703908,313965.91403744504,257235.84421151143,213993.3438604218,207779.99068755773,206963.5549021317,270367.0643157148,198163.2375608134,204205.29380357356,219750.77444194912,178298.14952425327,127427.38710202661,213553.576425106,308686.5274846649,290371.6263563557,94928.66092003329,187118.12047033323,199596.08328703765,204303.3219615444,237116.60595557318,133331.2264431359,97088.98529597043,208652.52593797768,119185.90080166594,158850.9408998463,101695.93010944258,232015.89368701124
2,56110.195391193854,58391.860155844166,0.0,66409.85874238248,58075.2763129317,88603.68462790713,75740.09958933017,234983.7737864026,125279.83176481337,108461.00882883985,62994.441819829444,59549.90466858513,132245.94881198497,130939.37222277159,125875.09343450225,149262.84625812044,62259.570688967535,60636.77786665585,78944.22242600433,128801.91063399905,89609.51640346934,82202.55241572586,77274.3372094617,225420.78276003659,93454.49890090653,64221.690472141454,81067.40544940735,69079.57039566172,69245.41077081623,94728.08895190853,132563.1062752599,98675.7393712154,63560.14372474482,130333.47310621486,61333.52913673054,104672.50264318011,63477.054138794214,60856.9887003467,153361.7745299642,276274.4101759632,217955.21887466827,221230.14731043213,144855.12905277123,136317.77195236515,236129.74894608624,207642.99350108465,307596.55074237176,206425.39674545504,196087.37565075906,355321.96717689274,238741.82321887577,279160.50414787885,205636.28652336885,305576.20001198835,248110.51141994004,208026.03646631268,200916.21251417088,201649.4111365766,263319.30319475004,192493.73595504495,196030.7212574854,211728.67808356413,172773.6289590148,122362.35509519953,206053.3925718046,301812.88579298137,283684.12554307055,94603.49721602094,181923.9114335854,193028.76834704707,198712.74531113505,229357.03513531905,128246.69169786069,95475.83084694066,204475.9570448265,113235.02222469135,153787.59109007794,99739.3767270424,227037.11610137168
3,55192.07611691657,55924.836870175124,66409.85874238248,0.0,58274.21861779157,85381.94306293105,72205.08004117805,229851.88171438288,125242.09606091227,105109.98164921638,67350.06158664265,64735.488322049576,130461.69712264612,129027.40802174548,120432.46454487117,147123.89428328976,57997.17342350695,64712.6405122143,90926.19257669675,124737.49183237432,92689.78920767533,82385.88133505124,78196.5790242173,221465.01056960836,93999.45909140422,69637.85136902097,82938.435606424,71535.96011747995,71146.04124245975,91118.23187232012,131509.99893335174,96052.53230592201,66791.85774298322,127575.86438711036,71084.46907037766,103486.17768058807,67554.1357778974,69582.81547902658,151483.8512418527,269674.2096878115,211895.94568272645,213911.63827760314,138780.07994738052,129877.19862032055,230678.84229313178,202211.39121325663,301699.8573591606,200715.41021672025,187034.93824847724,347756.8530828425,234016.2143859084,273480.67933025333,200737.70809708152,300050.8047934736,243774.8665411628,201268.44273699255,198249.3151708651,194778.45435987474,257500.69127495188,188420.59558019254,194132.19961308158,207812.8475758256,169603.49650315585,122670.21026478887,202809.722468949,296387.3790145012,277239.7690350423,94769.02982035522,177250.3594850247,188593.02889010627,193514.51305822874,224206.14167011649,127171.08297282794,95241.95756783907,196762.99183201778,113812.73997204583,150459.81976445098,99071.36313668145,218992.96688121263
4,46910.70266802996,49906.21597443462,58075.2763129317,58274.21861779157,0.0,88423.40328485116,74824.95271514043,239679.72267666212,129077.63951895572,111163.3724489315,62882.77142102609,58035.93406202418,137249.56774162842,135071.38763199357,126829.07409963211,153207.10173865076,53180.409216408974,61312.15233906787,72837.06946990748,131799.62751028282,94052.92068746388,84043.84568868756,78077.23583422384,229427.29327629617,97873.05255429748,63098.34694106246,83090.27831464642,68090.11814973713,67307.08711877269,95362.50597679027,137558.71783570971,98252.35804665937,56817.445947824875,131013.50751538346,59258.436952188684,107456.30875842797,59983.348889039546,59322.66124664536,158240.55885311918,278635.13344613876,220579.33460132297,224095.47866277536,147457.63721494097,136722.16851588537,240776.86401902162,212002.80865516153,312688.43010818615,209052.36201759666,196166.0927324844,359709.6851742614,243196.8328749941,283904.34475250065,208290.33622708917,312218.338575827,253491.6774880063,211015.19182318708,206272.21854777975,203464.18457135517,267880.0533237411,195992.48198814553,200084.64560521737,215044.026949098,175882.7753474188,125394.75779498288,209495.3778484768,305198.6319749598,287644.0900229314,94409.67558966806,184050.7918273391,196864.0621591777,201993.6359429539,234140.87368453838,130546.33322186282,95633.6539796735,206488.0266232975,115855.47722606716,155943.38763186688,100189.0947323387,228799.99413239915
5,87117.62237414402,88471.76621644304,88603.68462790713,85381.94306293105,88423.40328485116,0.0,87375.02838507439,212394.8355844103,116477.23572880699,101861.95174035503,87410.80339787512,85410.31612110829,123574.03592228438,109872.09551218199,105285.6102018252,139084.1330287712,85701.00591385263,84601.19968470957,115019.64887332736,111952.34898405212,88794.7622665888,83069.85506256719,81279.96276015963,207047.57233649297,93367.56570760532,86902.2098946968,91839.7693177724,82490.12679994997,85113.70438341452,85549.86939478642,126317.5512510081,98307.57073870074,86243.01651586118,116400.00459783281,89386.31904042742,99291.9656320345,83653.04684202776,89032.21294200073,146625.1365972985,260426.2112012847,203167.19656716724,207220.5597819034,135995.62034182413,128197.09651070538,219177.7736983741,189906.06171087548,286742.74122100935,193013.50263650535,182916.40997286944,332165.55956539727,222193.6849317064,262883.1856191089,189770.78924077982,287102.23079189874,228444.7110812654,190082.7905418255,185778.47078380597,185148.91388483538,243078.2250766509,177980.5815222313,182901.4909075487,198430.44676502078,161023.9958880622,118419.97962239118,189562.4093899495,282667.0772856918,263303.50839123834,93533.26777515614,168864.7100319119,181002.05640319551,184996.76586177957,210309.92151706657,120405.19811919412,93407.4999687349,186008.23952929836,113825.6826749096,146013.60294269232,98557.30983884554,208206.54953105163
6,77240.14243267708,75058.87016725224,75740.09958933017,72205.08004117805,74824.95271514043,87375.02838507439,0.0,220092.59054946626,117450.9837557861,102371.1237025679,61060.16060976839,63348.05002851489,126260.85976045126,123893.73795978063,119464.6217565915,141365.57637161965,68304.96252080188,65966.39814743544,106877.31367834347,119006.10617299385,92096.23247011771,85156.33985941784,84674.73748469265,212306.98903266364,91999.12471725309,73926.2080717279,84159.24107907142,80092.42546757421,73791.65480168501,94211.26159186657,124795.83601108575,97553.24899770934,78478.25725068773,124147.83998419954,83859.42546955898,103863.16850426297,76513.74099908673,80583.88751941887,148194.83607111784,260309.49638528447,201952.98761574167,206131.5244144892,133913.60605779817,126118.39612089776,223448.8503213309,195543.35582694714,292484.5645480496,192513.91814768704,181986.61473969335,337394.2728127722,225778.22517026062,266275.92104335653,190440.53712587172,291815.3702681928,236932.5150041732,197936.00787184978,191443.6996260083,189700.3814583307,249011.1532497262,183641.61585966757,186354.44732512877,200307.79409832563,163996.60555555255,119753.86246972217,194895.5129042274,283787.48929217167,269053.19336514955,94800.41570583358,171230.28153891937,179660.70065036224,183007.36191881314,217259.09932261184,122451.07262203227,94700.47433616556,191687.0981074423,107757.55831725028,139325.73678088232,97483.59296110799,211902.81685832536
7,244602.07037369313,243567.06397881164,234983.7737864026,229851.88171438288,239679.72267666212,212394.8355844103,220092.59054946626,0.0,191857.56177032276,201149.27849357875,228621.0832199293,233604.8105757299,196702.47643316997,194857.83867562813,199020.46618701384,194095.5187138651,234650.5589767998,228819.85223930693,285774.4309972389,197401.15212883663,212349.95180386744,217717.42447518703,226114.92790777844,192645.62127179338,212191.93243058174,233673.57088447094,218188.8131120886,229584.1986416939,227575.4773530593,211879.8555968237,192953.52185418108,218348.84044512323,244400.3054123583,202632.8968729861,249905.04268021867,210373.86467125744,235058.3158189961,244604.19313756705,194276.46107384993,239172.88036291898,205374.597266583,206627.55029186214,208055.74345380763,207411.6285484898,213708.99813002575,204895.65832414254,250594.7468643965,204951.79789719562,201514.89834117374,283515.3368688805,210068.8321941234,228962.88850965016,203119.2977973357,243546.5210957093,217963.282866124,206915.48070023663,201469.21909974783,204234.71865520248,214417.79582466555,209268.9567093418,208282.35874569372,211769.56193798152,204739.54171362193,217116.52758091333,200099.9768549638,246005.0929138811,237591.4940159683,218514.7867433572,204640.0846381591,203384.50925539387,202817.59516358507,213307.54994395416,207620.8765744679,217155.4402778662,206228.997217822,211094.26838858626,203374.40258340188,216779.39791133505,210081.52809630608
8,132784.8489265384,133090.4793899084,125279.83176481337,125242.09606091227,129077.63951895572,116477.23572880699,117450.9837557861,191857.56177032276,0.0,106011.91091881078,119790.83559723006,123059.16270066614,110276.8869938103,120300.2053937893,119006.5238982449,127093.5522045277,124249.22748796614,122153.92595081459,164460.10841645548,124211.24126715896,112860.81351550388,115902.87424676667,122189.38594146962,187448.23022895053,117302.92479443131,124154.71589892954,113781.7956192188,121025.76560574159,120511.36540142202,117599.74555891739,122074.7986577715,123146.0802201737,129677.18012489182,121716.60498453604,135719.44704083292,115914.40591196541,123094.23034670376,132958.7888807895,135188.9566460817,239495.82958213447,187642.56620603902,192035.02492195397,138432.27403062666,131304.0631107199,202802.25611565923,173718.75188600403,264117.15187600156,180074.32298508714,172399.49666832955,303886.95093115343,202926.47710223487,240668.20224248117,179596.23900878849,264310.7595594506,209963.61576092712,178190.3219431735,179412.763592503,175161.4453461908,226709.65257624822,172964.81615381836,174660.3084031128,181709.18950557732,157293.33668624726,125641.07367776199,180059.86778146765,258149.9484261864,242834.44577175798,121267.90961208506,157878.72620688897,167896.6645169518,170138.5822067902,197375.20406376233,127276.70905354328,120479.19412952442,179778.93291536564,122776.44136624073,139948.90071236185,123011.58041894907,196525.62973847458
9,114553.68704126836,112617.57673341302,108461.00882883985,105109.98164921638,111163.3724489315,101861.95174035503,102371.1237025679,201149.27849357875,106011.91091881078,0.0,106357.84348659047,107644.45543664022,107753.31559933588,118791.63355730928,111314.14720216961,122882.23489928716,108907.94697690803,105713.99057121688,143487.38159518834,114322.29418825025,98857.65689473072,99070.11956489056,104818.98303221681,197233.88206090993,103874.56891278124,105907.30145492901,100588.10638105309,105669.6741991556,105085.51684416839,99809.78169324576,123878.6726632389,110148.31669220355,111735.21822030385,113409.8229816572,115639.16533560187,107844.87828309767,108170.21525855287,112189.68215876071,134603.29975828732,246769.03119328388,190805.8834671279,193818.28570328915,133911.51209170505,125404.37389957959,207360.02154565728,183492.64527281272,271166.8678982281,180708.87859771386,170757.72121355982,315579.9174855079,207406.36568648898,243299.85505557005,176647.79095703768,270353.9277314384,218245.1330489943,181049.18774776795,177207.9914056752,177555.29155018038,230272.00502860337,172430.0276032592,174449.23238148834,185903.19446123866,154496.44901143035,123077.92262369582,180023.87361867153,267222.780832466,248947.11379217284,107280.21597267281,161577.3050794724,173307.5627844248,172656.60825844997,204120.4952921643,118069.7941436476,105443.65305246209,178376.98011393019,111585.50747092965,137170.73520061243,110094.08879502885,199469.4008696339
10,64624.846975511464,63830.104155513494,62994.441819829444,67350.06158664265,62882.77142102609,87410.80339787512,61060.16060976839,228621.0832199293,119790.83559723006,106357.84348659047,0.0,47531.6078744428,128424.95166728698,125873.96195579428,122303.40526384837,146596.447505604,57356.33945790425,52002.50184913955,92571.82613288864,122676.52550680244,90860.50938491883,81662.94967726266,78901.44722044076,218869.55169601453,93279.51197999645,65805.66173598114,78806.59383416112,70825.06497764697,67111.96550248664,95721.24718047449,126832.41195205171,95499.59234351681,68804.56107123481,126681.8155815093,73181.2429865271,101758.83823184016,67167.31796470605,70573.56940518405,152632.5968860619,267793.6245101618,208136.34373725008,212939.25248658413,137408.82638562447,128813.62679129794,229170.1717477527,200629.24150839003,299646.09491673746,198049.3299547678,188847.4720570355,346295.4022455504,231828.92726761644,271865.30271380226,196600.1395031399,297738.3897359527,241660.4298549904,202038.78738378253,195956.76770783906,194450.3895768996,256182.91335675726,185513.00803829654,190806.3530750511,204494.07910750547,166009.62276996303,120660.50498681374,198279.56617975564,291877.74362163467,274957.68204173713,92920.92203028599,173680.40151162684,184297.2650079929,189684.69221434393,220917.32877406324,125019.72616091628,92534.01447071918,194359.57592129294,109361.47322342392,143647.56133964768,97546.3637227661,217795.32283998557
11,59477.02042370952,55593.6874885444,59549.90466858513,64735.488322049576,58035.93406202418,85410.31612110829,63348.05002851489,233604.8105757299,123059.16270066614,107644.45543664022,47531.6078744428,0.0,130575.5921195941,128033.59806013235,122077.46299727121,147301.86242218985,48569.57406999652,44772.889611741724,83469.52617232277,125233.04313029909,90738.17283204374,82016.29879623436,76930.99399612103,223785.44974173047,93203.40473738874,61546.477782760485,78589.17746523587,68995.6125443693,63910.55701578728,94582.28916002248,129431.61592221634,97970.25721065194,61596.72434817783,127745.41578157402,64713.57360036283,104354.91393021315,62903.772114339255,63549.97099291775,155577.4397831093,272066.6644605603,214122.90106943113,218194.5754070012,141437.3963389469,132795.23754836406,232589.95013021605,204908.2507972949,305445.27250417415,203760.74702677818,192714.9353727128,350740.26371105254,235945.18656733615,277369.0643233101,200634.4158253767,303081.7073865966,246703.12420429234,206129.04446757544,200193.51584726138,198505.48037293783,261312.27264376072,189796.06946055652,194984.706310996,209720.59471251373,169957.6552838389,121252.06236684462,202498.57732248266,297209.1797148641,280770.3140119349,93425.83198775332,177959.2583929174,189294.09505543348,194555.96034236808,227557.76902710323,128200.58664784253,93724.88337013201,198950.58163529975,111548.59487306028,149399.74941106493,98648.4951991189,222367.32445846027
12,139810.58617131997,139669.7996218325,132245.94881198497,130461.69712264612,137249.56774162842,123574.03592228438,126260.85976045126,196702.47643316997,110276.8869938103,107753.31559933588,128424.95166728698,130575.5921195941,0.0,119328.1046976091,117947.59352376447,123569.83419545645,132189.81277140416,130156.66169166531,172739.95643679184,128920.26555022792,117433.80686632602,124296.07078349963,126578.45590449897,190801.60670507787,123365.7711452537,132014.29688425642,118913.34199422423,130649.27650553649,129787.19360456492,124186.46587798101,126698.82269789676,127161.92288143009,138386.11603259316,123252.84715625655,143058.61159777665,121513.74550680243,132186.88500205582,139764.73083830348,127543.7793340508,240908.83003293996,186807.54347650678,192795.59486831832,141780.19722764217,133762.10034067533,203800.83911376816,175090.51436597508,260754.0539117421,181539.3379115338,172323.88972921437,298453.2737325188,202110.55444110255,233222.9465321166,175614.13222501404,262054.33756860733,206536.52739538992,178687.0288628936,175863.97567515235,172594.87984069082,222724.38053491665,170471.19037649233,173206.27857400847,183357.71619441174,152099.67207239143,131562.33179765774,183454.60095013268,257563.24408443816,241303.26684784977,126641.27205822594,160119.06539030443,168970.7721207975,172153.6846749442,197050.79623754654,129694.4308579155,128262.2531689183,176580.6298707163,126499.43384493559,140993.83892370257,127508.92626456659,196075.28202485124
13,136542.4333339299,138624.78926734676,130939.37222277159,129027.40802174548,135071.38763199357,109872.09551218199,123893.73795978063,194857.83867562813,120300.2053937893,118791.63355730928,125873.96195579428,128033.59806013235,119328.1046976091,0.0,119873.26552639712,135668.4136172241,130410.94980228959,126012.09225483726,171462.7546584884,122473.30868075068,116836.92552666494,124362.46183381272,123836.65540726931,192107.62396003664,123768.73238806882,132648.83312108077,121997.04525011698,127147.56234097187,128718.1597069468,119902.3851504046,127516.17700603843,125016.57903569835,138135.07734398864,120635.55521135124,142603.9575447759,122785.75745150856,131758.18184230482,139661.3515886204,133932.29057458675,239404.76161060153,187709.5212799435,189263.10758856163,138172.97569859453,132737.80218442404,202219.40843469466,175540.82155957868,263552.17361726303,178751.99641737525,167482.01580975828,305764.7628877735,204219.58187018894,239864.5729973647,175448.8090075339,264062.7425433994,211753.22695974787,177870.73652336703,176742.86813237838,178022.04231514627,223816.57439365992,170518.06545033836,172786.4167926142,184362.84281543418,155422.10425591338,131922.60372647768,176169.28701073024,259298.65958068543,240614.6210448429,124612.80971651504,161371.46829534802,167638.04860293373,173182.5280292766,196134.04150389717,126250.71044905273,122772.1339080016,173604.89836004644,124226.15354173955,139980.3591475147,126206.3497991034,193979.65007521585
14,128924.11228005585,127960.61467662537,125875.09343450225,120432.46454487117,126829.07409963211,105285.6102018252,119464.6217565915,199020.46618701384,119006.5238982449,111314.14720216961,122303.40526384837,122077.46299727121,117947.59352376447,119873.26552639712,0.0,129253.49981663229,121079.32208321223,121467.87905634707,160575.88295612775,119974.99055077213,116547.29841544916,114752.85262228696,116327.21196027381,194462.9701715979,119699.18031343527,125179.83444163381,117285.5205948346,119862.69497293088,123849.59907268302,112436.74656039945,128168.45317413141,115257.80872478394,128668.9729627513,115901.07683918634,132090.4857628677,111878.63525234912,122092.1609882113,128611.7172471452,144868.4015543617,241025.728214426,185865.7573480428,190571.05086946697,132687.7464171742,126379.86253437425,204595.56432136596,177270.43413850284,270676.3021915955,178467.3214460974,173862.78534545092,306952.97394425963,206067.47087868385,242076.9859174236,176030.3538729825,268431.06491437956,213654.85323047457,179263.69517247376,175976.59758391354,174550.90560953584,228253.47548411335,170351.31663744224,172038.94532637365,184451.3763817302,150424.54005497816,125075.00398005101,180268.42079358478,261400.71472655787,248069.07696768298,113757.50442617964,159651.76525584806,169696.69958919904,172936.4714275314,201148.13520105107,125275.63062152319,117143.00233522749,177387.443660361,119761.91093381615,139785.2116340256,118538.14097549896,194226.82766701968
15,156903.15318727185,156350.2350133039,149262.84625812044,147123.89428328976,153207.10173865076,139084.1330287712,141365.57637161965,194095.5187138651,127093.5522045277,122882.23489928716,146596.447505604,147301.86242218985,123569.83419545645,135668.4136172241,129253.49981663229,0.0,149924.62155542983,145681.87169996582,190083.08957749503,133804.1656377665,134644.08701036352,138984.82342353006,143328.89749744933,190226.82254342077,139504.49810613846,148405.18409867233,136165.11279270006,146018.13351650344,144733.8016457314,136329.480065787,134667.78088657637,136636.8271776617,156289.6662571251,133126.92510510777,159767.7326234443,138033.32326720425,149492.159178011,156012.30308170558,145793.91005421517,231346.3858905426,183039.40217343005,187476.61699722434,145587.5588033154,137296.61838325564,201763.63142935617,173499.0745307064,258029.58962392327,181239.5515802853,172076.02797537763,291672.7833807108,199287.97584848807,231852.95862589244,180698.49453277874,256693.24515929833,208358.24287588501,179032.56027078384,178534.61420095735,169819.44370552173,215759.4507824185,171578.8800071271,169731.99655463692,180479.0544195464,156850.24202236207,144348.29527568092,177046.2528823866,251640.4509931534,238839.85752197533,137955.08849134532,160680.5275381829,171414.19826701918,173016.33414880116,194494.88612388703,137019.74234527117,136748.2527807942,177427.06283566874,140584.62635785667,143980.89945698925,137043.31741028174,195935.8193831843
16,53432.54245838105,52954.13500774542,62259.570688967535,57997.17342350695,53180.409216408974,85701.00591385263,68304.96252080188,234650.5589767998,124249.22748796614,108907.94697690803,57356.33945790425,48569.57406999652,132189.81277140416,130410.94980228959,121079.32208321223,149924.62155542983,0.0,55560.56946686884,80718.70678062466,126284.50111173614,92722.11031166016,82508.08470373026,76903.65544920853,226268.34766686815,95066.81669850799,61744.14771186575,80441.8694303763,67794.83208513676,66558.37654433957,92900.51620170739,132557.37891396854,97032.44953791614,59295.44793977066,127653.53173013894,61641.90303255821,103983.17226795037,60559.69820427881,60051.94936099644,156048.41426926426,274249.76266313344,215774.05862228663,220449.49838201885,143539.8534945641,135313.28231538815,236027.29985197584,206557.8396028137,307040.7944309287,205550.6053796348,193940.92938071754,353487.33651488466,239554.29053742767,280468.6845008771,203303.69284331214,305924.3405737614,248489.039770014,207330.39979414732,202441.41629300505,201099.05383482852,263339.9803363439,192608.1657464785,197278.3227169589,212486.30021708744,172303.89603075242,122545.61170558153,205086.16883071203,301205.57987208513,282875.8606970813,93550.40388018782,180493.76216847225,191509.5191725707,198219.95203049734,229239.06518584033,128217.94421891068,95763.85534426117,201764.28624327853,115564.37908323968,152502.60256733265,99542.95157284573,223443.31780118393
17,62303.269519078014,59301.124945314245,60636.77786665585,64712.6405122143,61312.15233906787,84601.19968470957,65966.39814743544,228819.85223930693,122153.92595081459,105713.99057121688,52002.50184913955,44772.889611741724,130156.66169166531,126012.09225483726,121467.87905634707,145681.87169996582,55560.56946686884,0.0,89280.25450444725,123902.9020909693,89044.75549077116,81849.93015010518,76955.81720865653,220136.48950492847,92293.68085098952,62793.312705706296,80615.27514842548,71013.99369384978,65931.81862113129,91720.94349297167,126169.20108618776,96439.77307222293,67026.97826917931,126443.89259060503,68087.88336985753,103478.22706198359,66527.48871021971,66997.9885173395,153086.50941847626,269741.2130188694,212016.59418036818,215966.05794571963,139135.934988761,131382.3061444146,230090.13018951242,202096.9943895591,302555.0482294873,199325.96894715104,189616.99313169596,348349.8402863279,233731.03693554515,274678.0718081261,198293.1748162406,299344.3217923259,243209.44218634648,202466.05308183725,197441.15262205864,195452.84628633555,258066.62087401547,187249.22706768903,193762.63642531697,208007.5274252624,167680.09386163298,121197.9094224137,200712.85990221327,294711.9883953105,276718.08773903677,92732.09523115943,175771.42183529158,185927.37516608392,191469.3058091458,222863.63144337406,125422.48863169743,93193.33860321798,196742.266816467,109761.77989709958,146615.56787666585,97814.65768765104,218758.99606641787
18,66138.8947494817,67096.82975988562,78944.22242600433,90926.19257669675,72837.06946990748,115019.64887332736,106877.31367834347,285774.4309972389,164460.10841645548,143487.38159518834,92571.82613288864,83469.52617232277,172739.95643679184,171462.7546584884,160575.88295612775,190083.08957749503,80718.70678062466,89280.25450444725,0.0,166872.83170891294,120050.74708193477,109320.74254595667,98673.56234296305,274586.23283190385,124843.29693833059,80083.05472350171,110606.64675422611,92076.56838180355,92025.36068157302,125582.61359409659,174807.97991381388,127126.74847733071,64969.39500637621,158508.89884899213,56434.94000912669,134642.72114527258,81000.88335929738,62971.938082582266,195995.174188747,323545.22685860464,264603.08141084324,267146.5564665617,183802.45571275966,173710.76729503812,282011.2635536837,252719.74405786372,358480.8495467073,249212.79012484985,237544.27530417973,406329.8412880449,285453.3350074554,328104.04295214673,247254.24392481512,355527.1781732374,295340.56992113584,249828.82294462074,243079.626010177,243601.19267657757,311585.98409995635,233098.7059608801,237703.9213487641,254203.4285722767,209850.9231550651,147107.89401072307,249748.72480511776,349550.1350306103,330197.53763596783,121996.49296935582,223145.00092346655,235778.36323436862,239799.04875560553,274728.57626984327,163522.74055838308,121938.81008337716,243133.30580877932,148436.76812415573,194229.96652430476,128344.26647182874,270034.83334409044
19,134466.62512840933,132918.41140446605,128801.91063399905,124737.49183237432,131799.62751028282,111952.34898405212,119006.10617299385,197401.15212883663,124211.24126715896,114322.29418825025,122676.52550680244,125233.04313029909,128920.26555022792,122473.30868075068,119974.99055077213,133804.1656377665,126284.50111173614,123902.9020909693,166872.83170891294,0.0,119730.22942055555,116074.91292641468,122027.44598273774,191309.27497192632,116828.66846105186,126253.53098802276,119984.42604820375,126353.5294084831,123956.96366586644,120288.28441398621,121331.29874398504,121901.52903656322,131988.15001468803,116644.823219971,138167.13768351718,119741.33982189275,126521.91935179869,134286.42182559933,141300.2337884629,241571.35781939625,187109.29850462006,192153.61318024693,137144.4776637573,133289.53485034214,205174.731386483,176034.54184170958,266075.58559604856,181462.31466200735,173536.4563016847,307893.93131353805,203709.22322476216,236857.47932507747,176307.63695679262,262225.7609309413,212674.70955000722,180338.64013295487,176568.8871683899,172154.23183739014,222769.5034981446,169003.90150127374,172498.77471427553,184700.86879652183,154489.7177053686,130256.90939685161,177978.29171407898,263472.71659891476,246605.58374973736,118010.54498983336,158758.3943090516,171013.14452118555,176965.37213409028,196091.05113094635,126423.28468627293,119897.93466122988,173547.7427912371,125631.41030451574,141080.49659820707,120495.69952217145,194496.65875230028
20,96313.04956998653,95361.2935728108,89609.51640346934,92689.78920767533,94052.92068746388,88794.7622665888,92096.23247011771,212349.95180386744,112860.81351550388,98857.65689473072,90860.50938491883,90738.17283204374,117433.80686632602,116836.92552666494,116547.29841544916,134644.08701036352,92722.11031166016,89044.75549077116,120050.74708193477,119730.22942055555,0.0,83585.88239568875,83148.89653476591,203860.95723787285,86673.63649786917,89065.10458726092,88421.66648570204,89881.3261710904,90712.54269489406,93051.32845258847,125511.16847911273,100327.32218569716,94586.91592564229,114708.86400757775,93077.10101531436,100440.97128349514,91211.74616916558,92773.65651324928,141762.07371401164,256472.55828799392,200330.1652100721,205341.00183892646,137001.4688003036,128235.33642846304,217933.3407080763,190671.5322530206,289866.4289645453,191711.36355758275,181995.60354133596,330842.94762537815,215598.88762878964,257290.1511058707,188632.7365995362,281467.99042507657,229375.09551931094,189810.78260407352,184786.7071412073,181521.0922899872,240224.07953601528,177578.09997974473,179961.81722492655,192970.4248111767,157637.0224420921,115763.15439762177,188602.60853831435,278128.4330841383,263372.34996428294,95138.63410434076,168796.37196288529,179442.34977445588,183630.9197655462,215014.0511753718,121827.86317755879,95829.25450829846,188673.47145603856,112152.18833040196,142983.56287724827,99808.96608409284,209403.58984353908
21,82928.04702955381,84818.16662734626,82202.55241572586,82385.88133505124,84043.84568868756,83069.85506256719,85156.33985941784,217717.42447518703,115902.87424676667,99070.11956489056,81662.94967726266,82016.29879623436,124296.07078349963,124362.46183381272,114752.85262228696,138984.82342353006,82508.08470373026,81849.93015010518,109320.74254595667,116074.91292641468,83585.88239568875,0.0,62986.20014706667,204115.03659860638,88715.85841283342,81906.30653718654,88755.74549405904,80036.79712602678,82858.0764916194,90598.46004886023,125915.08231786643,95255.45152205385,81553.22670006801,117102.45500529256,85003.24227941543,95210.49313688446,77808.19101447955,83305.83186569801,144747.731442454,261986.61542581004,203606.03412513254,207755.59139548228,135223.95059516042,127561.01610637845,222853.17200360636,191460.66873403362,290451.3184508884,195580.85068622688,185788.75095121466,335177.4930388318,223084.1108126263,261957.429756528,193732.40246042996,290779.5139384185,233406.63499839787,192632.18649653875,189503.86850588617,185746.2996384802,245016.4325473297,181469.71233980756,184612.80485092624,197372.9958218981,158893.25207868367,116462.58259717815,193558.82186491165,283476.1295777267,266922.55503159994,93590.37860557651,169211.05266254555,181907.9888473435,186662.70415379133,216091.032413396,121027.18427747299,94617.23807146223,187339.00869348267,110253.07278053755,144739.76351001023,98654.1844033072,210697.08758057572
22,75827.93583716174,77571.00576701642,77274.3372094617,78196.5790242173,78077.23583422384,81279.96276015963,84674.73748469265,226114.92790777844,122189.38594146962,104818.98303221681,78901.44722044076,76930.99399612103,126578.45590449897,123836.65540726931,116327.21196027381,143328.89749744933,76903.65544920853,76955.81720865653,98673.56234296305,122027.44598273774,83148.89653476591,62986.20014706667,0.0,212383.39492194704,85496.80192584265,76768.25637457488,84760.3256373735,74882.6200147231,81124.63063440505,86545.4627770747,130947.25326824228,95357.70333073137,76500.28263999043,121011.24976477506,78208.02503860756,96364.18318918838,74983.23752303066,75323.55380488909,148194.48541809476,265995.9207363623,206677.4602454024,212457.8185171201,137759.26026066276,129250.88965562634,225754.13865987802,197037.49263905518,297969.1509311573,197324.45820459718,187456.39140323855,342643.9167383134,226977.0704500194,267856.1555417684,196344.81782100722,294211.4265868604,238539.2082833678,197725.86782161603,193162.176357064,187943.89066359733,252203.72315192808,181710.922384015,187798.7759648477,202452.9800463942,161338.99571663956,117401.82548632339,193622.86105674863,288308.499841124,272046.1613298687,92940.62784038864,171681.3039253364,185078.42996491294,189018.69873143092,220805.65640101937,122731.38286912766,92791.08174905388,192610.21077364334,111096.3439456412,147004.9345562336,95533.93855494504,213244.24851472076
23,233932.7824958166,234342.0518568576,225420.78276003659,221465.01056960836,229427.29327629617,207047.57233649297,212306.98903266364,192645.62127179338,187448.23022895053,197233.88206090993,218869.55169601453,223785.44974173047,190801.60670507787,192107.62396003664,194462.9701715979,190226.82254342077,226268.34766686815,220136.48950492847,274586.23283190385,191309.27497192632,203860.95723787285,204115.03659860638,212383.39492194704,0.0,197790.69533145396,223553.3841006344,207882.13100687845,218794.63934457354,217920.56168008936,206233.81735953127,188872.04303443263,209305.4148383083,234450.6809312739,195971.51975610745,240372.44414071157,199915.23095191637,224519.68028285058,235755.28280536152,188277.5338873988,236320.11529433017,205537.3579262971,204735.19691844718,197155.84233923935,197342.0915304162,212735.92518199698,193976.20890008897,245302.41037623413,204094.08049518248,199944.8207025005,284038.15593588643,205442.86843708245,231902.57178492763,201027.21661083598,251783.97300595208,213741.57781438596,200868.79522139396,198038.54722858762,195908.75102817034,222556.32924254812,201342.63774314823,201331.15425464037,204133.47995182144,197062.57978303282,204406.56816437954,199721.8258045733,244748.91551727313,233489.54207201942,210899.1800356983,197514.16300099934,198601.91738026708,197092.77452969877,207662.041438084,199893.26157996594,210897.48874349476,197540.39721634888,201398.22929420025,192852.78242046168,208838.2627131395,203859.5446932873
24,97792.2431726204,99061.96802303886,93454.49890090653,93999.45909140422,97873.05255429748,93367.56570760532,91999.12471725309,212191.93243058174,117302.92479443131,103874.56891278124,93279.51197999645,93203.40473738874,123365.7711452537,123768.73238806882,119699.18031343527,139504.49810613846,95066.81669850799,92293.68085098952,124843.29693833059,116828.66846105186,86673.63649786917,88715.85841283342,85496.80192584265,197790.69533145396,0.0,94789.14934623004,93491.43905049074,93013.68654688635,95076.21742069817,99291.3089074055,123642.32807126133,102433.93903796985,97204.35852250013,112986.30672041577,101589.35517439326,102167.9194889402,93530.92319671212,100123.37308883862,142256.04501153345,258160.6171971558,199993.90311817758,203103.759109352,136387.56872858002,130309.20065357558,218236.41220704655,187819.3885143326,286139.09036498296,190074.51014792974,182829.02774483553,327016.5110025804,217979.8411208962,256308.12933826938,190029.99125766347,284528.9026802369,227685.20559616698,190495.33712445386,186356.61203671992,180532.5711591579,239096.90989550148,176119.85573973958,180083.5538220156,194055.91003094148,157890.230037453,116998.43818325902,188385.6374666548,279760.8753814403,259086.9368326462,99845.52285313586,165426.74398816703,179673.5032974847,183701.1202914476,208104.50431754402,125047.12362312163,101942.35391164091,183016.9190472915,113588.96143767558,144740.58196212695,103766.73597262189,203565.52307827288
25,64352.10613152512,61037.213538421944,64221.690472141454,69637.85136902097,63098.34694106246,86902.2098946968,73926.2080717279,233673.57088447094,124154.71589892954,105907.30145492901,65805.66173598114,61546.477782760485,132014.29688425642,132648.83312108077,125179.83444163381,148405.18409867233,61744.14771186575,62793.312705706296,80083.05472350171,126253.53098802276,89065.10458726092,81906.30653718654,76768.25637457488,223553.3841006344,94789.14934623004,0.0,81879.73570360779,63262.51687419336,63529.27380207197,92985.86869958024,131779.77445933784,96749.7382960631,52645.18210454053,130432.76684384582,61778.242208911455,105204.7381951739,56358.00151712089,59722.0014278748,154513.33271181711,274030.97836284124,216234.79797494758,221212.03698569295,144084.50288656776,133659.38511602973,234795.67831737455,207277.4527501826,306221.6700419726,205059.89436278798,193845.7029372177,354130.65564323583,237009.6685377565,278351.87630202324,201311.61638587632,304936.5037112857,246381.68825755903,205881.8711007099,199823.79578872919,199205.73701026937,262450.6374103349,188801.04287879137,195270.26011704563,210913.52613895718,168865.10279608422,123247.6344480391,205159.81430699528,297761.9769576434,280524.8148935681,91694.18858617204,181199.77949613184,188788.80384423916,193676.6014337927,227510.62756662926,127565.06189742431,92263.94447992684,199865.95405536934,111919.84139198695,150121.49614481337,96566.03300814054,223606.02950588358
26,85657.39037040656,84370.23164386426,81067.40544940735,82938.435606424,83090.27831464642,91839.7693177724,84159.24107907142,218188.8131120886,113781.7956192188,100588.10638105309,78806.59383416112,78589.17746523587,118913.34199422423,121997.04525011698,117285.5205948346,136165.11279270006,80441.8694303763,80615.27514842548,110606.64675422611,119984.42604820375,88421.66648570204,88755.74549405904,84760.3256373735,207882.13100687845,93491.43905049074,81879.73570360779,0.0,83813.33286705948,82322.494493391,98533.31998537033,118320.5652707592,98952.0466502099,85457.70987895216,125342.36471516268,87011.36659531352,102324.21879043108,83616.10719878077,84882.76567052836,138340.45554542946,260882.30441001203,203383.06859932575,208483.18318413332,137911.79953972952,126372.17421929311,221137.8569369853,192165.77798502462,289116.1305504918,192140.00802009183,182270.21482368888,332744.04919361544,221428.1489398286,261205.49080140414,192812.37779267205,286446.27453012805,232600.43072482978,194292.10835510332,188744.5777324227,184555.68938201372,245824.23144208966,178539.76739698157,183045.8461900491,198445.065749059,159780.92371930974,118839.35990662013,193060.57166627873,282893.9192275506,265932.9158273494,96167.81162229176,167248.62835681532,180232.25098096533,183258.7003536584,213792.01088875366,121541.37037050896,94691.58189220124,189469.17636702585,111653.82657869652,144740.01605468136,97036.73808938754,210494.53807220605
