,0,1,2,3,4,5,6,7,8,9,10,11,12,13,14,15,16,17,18,19,20,21,22,23,24,25,26,27,28,29,30,31,32,33,34,35,36,37,38,39,40,41,42,43,44,45,46,47,48,49,50,51,52,53,54,55,56,57,58,59,60,61,62,63,64,65,66,67,68,69,70,71,72,73,74,75,76,77,78
0,0.0,8211.102537788454,8963.434287663824,9536.0456890789,8556.662028257548,11016.985938878648,10566.160818046033,20047.63593672882,13473.488275373367,12663.418340561337,9602.140401176493,9508.281498162196,14131.7798513384,14080.382967760515,13602.836896393277,15251.262101012708,9256.696306423419,9608.497361552385,5728.747182673811,13768.046694682771,11973.558405829912,11092.456386774156,10466.043758390035,20359.969400159902,12026.880466476861,8909.985316424232,10995.637849154684,9469.813069587133,9344.305633717227,11794.356452466182,14472.80700574205,11548.826607058352,8158.868552640558,12366.375598954091,8243.335708519051,11732.09854627998,8891.542024689981,8286.068261195094,15376.638159881015,22474.456047027765,19157.801017268666,18943.469509401817,14969.352653433913,14520.848470069452,20857.853989926316,18466.129535384967,24386.717097761644,17543.90912709295,17481.48828282506,26668.133109889906,20607.049506689982,22349.03809676986,17881.829699181475,25085.907918210058,20703.354957383508,17790.45145054291,17557.076530562597,18520.572536707128,21555.245603491625,18672.56918821731,18711.543781232987,19224.117918004227,17126.534921307495,11798.048216437475,18341.87144052992,23406.004432165435,23520.345531479776,11301.545859297556,17180.716666583314,17002.257820405834,17524.620333941937,20003.49484747993,13139.502113107916,11184.098293335483,18121.001686240474,12515.948939354115,15057.371624300373,11692.98017629287,19612.70786443748
1,8211.102537788454,0.0,9197.05211883635,9693.01759293602,8857.937762785356,11231.36147667322,10774.887985714096,20247.647744996022,13675.296486959804,12864.604449993758,9807.481585384745,9679.78951066662,14334.670292439987,14293.025547211562,13809.17807591801,15444.49837745932,9446.533570758525,9814.240153289638,5928.029652641171,13981.308439427014,12182.462341288576,11303.533514220107,10681.649135739579,20566.924776621006,12239.064910152172,9106.855236466536,11210.895693221944,9689.529282699232,9582.249760525203,11988.455085506492,14692.937398430764,11752.458121748445,8356.949799685171,12576.027634343332,8460.164321617505,11932.158979306272,9114.787028395069,8498.517724873445,15582.024665295967,22681.682640735708,19395.21355588573,19158.911886186143,15184.269954391379,14734.779153931677,21064.498743674594,18676.193775724983,24591.43628211048,17757.673443135285,17714.634745620744,26881.085483707055,20789.667562174913,22556.784976144023,18086.83559745621,25297.894815642743,20912.342691884107,17990.160477871315,17753.80816508311,18723.879772910186,21755.586700165124,18876.34186821169,18907.188853169842,19427.202818034908,17323.242454991116,12020.222146550735,18562.308878538293,23618.283015499426,23730.03676389787,11508.24010494437,17386.699721259625,17204.110489145693,17736.984966130007,20216.711544249847,13346.754715389861,11393.913254200424,18332.46238511411,12752.926280966025,15278.719242618576,11906.982625690376,19820.058081596
2,8963.434287663824,9197.05211883635,0.0,10596.639974596299,9648.561193378731,11979.452817736146,11525.572448350029,21017.408959253422,14437.624272110641,13620.020268085545,10548.762438742655,10378.254505940453,15085.499874817318,15010.698844866813,14572.620497862692,16224.614142170247,10285.766577400453,10553.830478632468,6724.864529745771,14710.608626482965,12932.330261719339,12050.459351844913,11449.60779677313,21344.74334656825,13004.89829352049,9864.526881980382,11954.869960110667,10411.838472735475,10340.441604459176,12775.862516412264,15445.134999893218,12511.793993948837,9113.959446901865,13353.407478700854,9233.521469694912,12698.663973768793,9827.280377283185,9275.23577524221,16343.161519628344,23449.370676509294,20135.24978730952,19895.87917969889,15939.547551552267,15469.08785674738,21861.80407612396,19444.427560696047,25350.232865136895,18535.813176877105,18478.644426030856,27649.227561936077,21560.27219003415,23336.318139618288,18874.53430289683,26062.793359694526,21689.76958906881,18762.141919476086,18491.194090984718,19457.139322990155,22529.41237691664,19612.93367561299,19659.466168987743,20185.26508188384,18092.186497757266,12782.871794800445,19304.360530977356,24372.925569382714,24490.273144398856,12251.242509477112,18146.16916584714,17980.64001707298,18498.253390131154,20994.24131491918,14092.019984496194,12127.90256068389,19080.009244206212,13501.159301638858,16046.591476386262,12667.97299508444,20593.965149886848
3,9536.0456890789,9693.01759293602,10596.639974596299,0.0,9930.10479497426,12565.124746309506,12085.311236428252,21579.601729433354,15013.752407043083,14179.819134225494,11115.515370196681,11020.74084597268,15666.239968630694,15617.117703808359,15144.425462852176,16775.061717587443,10740.730749996173,11134.630624543679,7269.465028402423,15322.452579903835,13515.100719211072,12633.5005940168,12007.346642505587,21907.59806150449,13576.815619647994,10463.718846309765,12551.328082451026,10983.897591059336,10925.764500024148,13328.264233515114,16028.024299441358,13094.371058272247,9692.174336416843,13914.71637094886,9792.57755008188,13267.983775797966,10468.423899224346,9831.397399116906,16923.386181317674,24002.311349136842,20723.176482013165,20484.074078543134,16512.080838024573,16062.480467098958,22403.762233514637,20012.845313184374,25933.32507870404,19092.166679497175,19048.60524302221,28219.25607888357,22137.95462142309,23893.435003221926,19421.713698645708,26632.999755834637,22254.90521478107,19313.682137811633,19104.327093986634,20062.52218009482,23109.03930495842,20199.108421474884,20235.887820323474,20759.81242967701,18663.113359506508,13358.795928009866,19880.416574898427,24964.41788413904,25075.72817428983,12838.192248271538,18732.189873895462,18552.536096794724,19087.9441186354,21562.75630912788,14683.728324079693,12730.977067854757,19673.977219770903,14069.939427809884,16611.046321729347,13240.437404266613,21160.11446916986
4,8556.662028257548,8857.937762785356,9648.561193378731,9930.10479497426,0.0,11602.426749335396,11169.422252709912,20615.71689624362,14049.579176710822,13239.329270604654,10198.685766844814,10101.593820908802,14716.771525399134,14667.20908351645,14194.590523974248,15831.427023835999,9864.473694437002,10203.802093428134,6308.234621590724,14359.570810314812,12555.428050082668,11676.423277029453,11061.665304346614,20944.907365919815,12613.242698133557,9500.94133552153,11589.045430764661,10025.552258538577,9914.367846709954,12380.408479796106,15062.802586570215,12140.679017381868,8732.141826919507,12942.089533027642,8835.636263106011,12303.28414030733,9485.523050507778,8870.88871293629,15965.638418312308,23039.949245096886,19740.61996186776,19530.015858529492,15547.294335165961,15100.618686574031,21433.29175307138,19050.487918898816,24965.199707498683,18140.271491113122,18045.95211132665,27233.41353532045,21177.031586505396,22930.485057193713,18444.232287698855,25671.49137635571,21287.973684072702,18376.936874808598,18141.65108396334,19104.31106606622,22135.130850053596,19243.599652085548,19277.08286013175,19811.756212868357,17702.074547179865,12391.78031158274,18951.422074049315,23995.121976007173,24106.825848404034,11888.366980494808,17767.701984456693,17585.37813299726,18122.171028410983,20587.61499608378,13715.291306131872,11766.824853630444,18704.027610526246,13088.582377682997,15647.602859965593,12279.512029058244,20199.884693246735
5,11016.985938878648,11231.36147667322,11979.452817736146,12565.124746309506,11602.426749335396,0.0,13346.038410559508,22431.798990954863,16027.709949280013,15220.344470196585,12366.879982417617,12267.825025468133,16648.256967158584,16214.787620151737,15584.22109412432,17785.328682033574,12098.575513103859,12405.138569818522,8405.661949632246,16143.4980506529,14491.130412156557,13670.323306257365,13000.649722015882,22934.911675491443,14592.485354219914,11612.093369845168,13649.849272526448,12114.691769348505,12067.403290415254,14350.156018384412,17098.980094945502,14163.21618139306,10833.046809680405,15013.50193234904,10787.941593124388,14296.564009077825,11586.837703153336,10901.036188557482,17909.810234276818,25135.220000652655,21834.116517722636,21601.664569239172,17651.378857765885,17191.462177331516,23539.465548267613,21114.627312240274,27027.42773929698,20241.381688166242,20203.838527097636,29332.0375571445,23203.914944185624,24955.288842472637,20575.82850877083,27685.277387201917,23304.803417162955,20394.734853159236,20219.581902465874,21121.405322806444,24211.185618708983,21224.715010732205,21314.032494031282,21861.780878761103,19738.229770403166,14462.779851666075,20994.829616779538,26077.258619617332,26154.023089299822,13875.907013907048,19801.076423934923,19684.846238925253,20193.795837768474,22664.50552333828,15763.344781543912,13755.793795704498,20763.99302010993,15219.24727738159,17743.662065333738,14289.759547995862,22251.937061796707
6,10566.160818046033,10774.887985714096,11525.572448350029,12085.311236428252,11169.422252709912,13346.038410559508,0.0,22343.462724079964,15761.549397395689,14951.428042003068,11513.037288169779,11319.98294611809,16460.134138030084,16387.097847800316,15928.800645379573,17552.96630421609,11461.021319031159,11489.201956077673,8075.360158160571,16085.490651038235,14293.969573908355,13408.914350209216,12808.916828164942,22687.967448511994,14359.80309573062,11173.881281599917,13308.224892417955,11769.74232293608,11649.306118106171,14120.150000756958,16789.007365248493,13888.362895934077,10433.227637540229,14678.134626999366,10596.444296516918,14027.368574584658,11225.440949343536,10629.910571583327,17678.5789234724,24796.069890905455,21513.855619329785,21272.8854738409,17306.177969366257,16844.04091154062,23166.49451651595,20795.32104635671,26704.24955543603,19888.176967070216,19819.694277027407,28989.938862182804,22935.465346021694,24679.027679816463,20219.58028568459,27399.635051427722,23026.817636197622,20100.558040573604,19887.704999070418,20819.244967407874,23889.87920853035,20971.5457130711,20989.730312714633,21546.928312848537,19437.6601416711,14129.306262746315,20657.684713948966,25711.8200002953,25837.31349117571,13632.668213229159,19516.08343526712,19334.054399592555,19788.498766100238,22353.40609891106,15455.997765521624,13512.07734679678,20457.549056540236,14842.159397235742,17365.237118638895,14027.27309034133,21951.81163212062
7,20047.63593672882,20247.647744996022,21017.408959253422,21579.601729433354,20615.71689624362,22431.798990954863,22343.462724079964,0.0,24986.473761671765,24176.66164748635,21394.514217278233,21274.845964634722,25640.125056360117,25188.83339065604,24991.493894264586,26708.759442183946,21119.10054108688,21416.920653484103,17413.940268319602,25307.792721594575,23538.79382347643,22665.07427148109,22058.080561628864,31644.815053506885,23651.917977505727,20628.9080991668,22632.171147256897,21147.584688748575,21075.871633680545,23358.21387381271,26020.587069403384,23238.416670448503,19828.295045357147,24040.530709641658,19867.704045029568,23355.62590633656,20596.07318595456,19941.78170942093,26806.181451797416,34156.513880740684,30835.522144689305,30642.323536663345,26647.00522169609,26222.63009159886,32503.86183215139,30065.409178375165,35970.29079491011,29210.696984423324,29185.00216792637,38260.59554317186,32103.869624912804,33831.017534353916,29525.018886095393,36544.378687467164,32272.34919182711,29421.37437087458,29195.405664664537,30146.021013423833,33016.10482610954,30283.633047773987,30289.554414882135,30827.019260829486,28739.420170404363,23463.275453528247,29891.501855566577,35031.28517527665,35068.977832917466,22974.963110771794,28819.609035262863,28677.055940482132,29204.432414903837,31627.331357470357,24780.902550112303,22847.21572621233,29735.258488472504,24228.173652850506,26754.861222790663,23370.633524795783,31208.41390490353
8,13473.488275373367,13675.296486959804,14437.624272110641,15013.752407043083,14049.579176710822,16027.709949280013,15761.549397395689,24986.473761671765,0.0,17399.264661515685,14779.837434636755,14683.048074421833,18839.784746507357,19007.773478145427,18588.86005368731,20046.17295042117,14536.284322021384,14832.707678859108,10845.307563965403,18675.658450662388,17011.703436623673,16063.785726336253,15503.806390488913,25299.460990825817,17011.269614582743,14043.64763341969,16021.640137052531,14574.349714982005,14489.719780890428,16791.440098351064,19432.461801493962,16627.325537701778,13260.579892716136,17445.473591383226,13358.76870066788,16754.63058620486,14024.634200955586,13397.043739549976,20269.701344701934,27554.338874848538,24226.583873954612,24011.31919949244,20044.801449691564,19598.43909999397,25896.90291365765,23471.82555483509,29403.099643918624,22666.853151400686,22592.58927293375,31672.182084759395,25497.163971169037,27307.28548429007,22945.56581325225,30036.764340287584,25694.64679620385,22800.60140091807,22607.3156031061,23489.83329555345,26496.663633256983,23550.52050756719,23606.70349396807,24172.074267571115,22084.662638359703,16839.713355323907,23301.74585136782,28411.847166906347,28505.749339694426,16358.089393917233,22205.65289282567,22092.20129349571,22611.808717948978,25063.26947008065,18177.77403205703,16218.869271720292,23139.529142033545,17620.85758549152,20159.27909794328,16762.01692684685,24620.992529713763
9,12663.418340561337,12864.604449993758,13620.020268085545,14179.819134225494,13239.329270604654,15220.344470196585,14951.428042003068,24176.66164748635,17399.264661515685,0.0,13992.88531916034,13902.328519715595,18035.022338922718,18197.73369289448,17772.456529674957,19009.409862469965,13725.048145943601,14025.131956122927,10032.899474724447,17911.784846921073,16162.154215622642,15231.696727875084,14677.753784268401,24509.0568268448,16278.315118579521,13245.75934767197,15238.61924208985,13759.135190469493,13695.511913089298,15937.746113677795,18699.805259565845,15840.25633199261,12448.522353817545,16651.526944199784,12481.532982472821,15980.169314718642,13228.024494146079,12520.054970743959,19519.55547061109,26760.680772287145,23463.165841836268,23242.080972226617,19257.779435730103,18819.97777150108,25108.032824982296,22734.319089592478,28657.2054551218,21868.502846841515,21808.67410705151,30931.95814802486,24761.676217796645,26552.09337651228,22159.4153235174,29252.805681227564,24952.464449725085,22024.23553237095,21824.11424596831,22721.629365381457,25743.71362021364,22910.106603456552,22890.909829703258,23408.248514359104,21367.362410349782,16086.52235855917,22564.368809407224,27668.6302550865,27791.473563970067,15574.433569536583,21389.059204002762,21302.52205321133,21822.422229583095,24270.849327113818,17379.38219561212,15431.836249367334,22384.9788234604,16836.654180527992,19361.209184316762,15976.250032332546,23868.78929187984
10,9602.140401176493,9807.481585384745,10548.762438742655,11115.515370196681,10198.685766844814,12366.879982417617,11513.037288169779,21394.514217278233,14779.837434636755,13992.88531916034,0.0,10130.02594152318,15491.200743713625,15404.74226095921,14964.463264370912,16590.640139636293,10487.239646292774,10284.73441154706,7102.41596153558,15135.807119873383,13329.05503579271,12425.840785384227,11827.715716400178,21733.584850542014,13386.467863205682,10187.604623952087,12331.745932011616,10791.195443896962,10723.17144284811,13150.021910018688,15806.780868106058,12931.275250889737,9488.816374293001,13718.027421266035,9618.468029374642,13070.415527083178,10263.890940043204,9659.535868352468,16728.513853702585,23840.859013356327,20540.49965265154,20303.294646164864,16325.048859837678,15847.19446565867,22216.380449650747,19847.41041703372,25759.27447932978,18923.226153385975,18864.41441581744,28036.55980153242,21964.614931326967,23716.227905371194,19249.751848579683,26452.992652850193,22074.262026298173,19158.292096432637,18923.676945299758,19876.967848875054,22923.959172288152,20036.80010895058,20043.30698323903,20584.406603565687,18474.294960666404,13173.876036110158,19711.7610031265,24775.73222646087,24892.169901977653,12679.182815970617,18543.54848395302,18357.694448140755,18859.452841895483,21381.59986003625,14506.96890424495,12554.034424045656,19494.341303243476,13901.304517703355,16428.395209067116,13067.719021718638,20982.36975443249
11,9508.281498162196,9679.78951066662,10378.254505940453,11020.74084597268,10101.593820908802,12267.825025468133,11319.98294611809,21274.845964634722,14683.048074421833,13902.328519715595,10130.02594152318,0.0,15391.71516093607,15310.964828344931,14835.315916984531,16463.86863921225,10137.183190277587,10343.483365645718,6981.984195780027,15031.733065027045,13221.49270865071,12337.441605101982,11690.871742949917,21608.952109989987,13284.921352786236,10090.08938433835,12211.841765423253,10671.663305216352,10547.858861344146,13031.080712057947,15697.738446718415,12806.403614981904,9357.372847109724,13591.49096769094,9507.822018793402,12937.074273375632,10122.529879199561,9536.196721655393,16623.651557312052,23704.53762461647,20435.851217955584,20202.877127347336,16220.799151328001,15776.861469857944,22106.522200989693,19725.842097071745,25634.299854526478,18793.093800255177,18757.7636908015,27921.157259777152,21831.99766023465,23594.22958970741,19125.423226014093,26318.834859502767,21961.290684237243,19035.637105968206,18791.73568945629,19765.78743497809,22794.88629767673,19871.76307418133,19902.919648670748,20468.547471265138,18330.83811251184,13045.552041896402,19584.46326354477,24662.87478034221,24773.770026115002,12541.441702270069,18437.16564720858,18257.66361272327,18754.495867702943,21261.71309646331,14379.826336286711,12438.186088281893,19367.311247736827,13772.30297041133,16320.531363839465,12951.452016644349,20863.952816807203
12,14131.7798513384,14334.670292439987,15085.499874817318,15666.239968630694,14716.771525399134,16648.256967158584,16460.134138030084,25640.125056360117,18839.784746507357,18035.022338922718,15491.200743713625,15391.71516093607,0.0,19522.33153952152,19215.956831937972,20502.99733133841,15224.89951632654,15508.667571050555,11455.888238356523,19357.916936279264,17623.948058273945,16767.35533168474,16123.612267843271,26011.655584588243,17736.288487147925,14734.33458335721,16699.74928127354,15265.58900522517,15187.913064743372,17470.9961126733,20140.253234785294,17288.69760666478,13953.630107800314,18135.096158991735,13974.474857605812,17423.227338385335,14699.177218334487,14007.980610495271,20789.82753815845,28250.43950865071,24893.35442207125,24682.990238780163,20705.338139698153,20289.19038402375,26619.843892776702,24153.074107443197,30078.54418587962,23327.231904070693,23283.76108975142,32333.00437218,26186.09497152375,28009.263010423754,23627.395433863738,30720.564237413317,26355.273293729562,23399.751254388575,23300.474677109672,24174.474175257994,27205.860952415213,24299.644105495205,24350.508668994164,24923.406238437852,22790.69934614301,17527.84761847904,23986.43718511822,29126.27499824783,29199.8438793732,17026.844254717587,22908.16304425815,22750.956484315328,23292.57685356162,25759.37261921262,18843.182775223708,16917.771993384707,23846.934243935622,18326.836337210025,20832.505124614083,17426.813550808452,25336.258136000306
13,14080.382967760515,14293.025547211562,15010.698844866813,15617.117703808359,14667.20908351645,16214.787620151737,16387.097847800316,25188.83339065604,19007.773478145427,18197.73369289448,15404.74226095921,15310.964828344931,19522.33153952152,0.0,18625.10224819407,20765.645257896977,15161.975495646622,15432.979334914395,11465.719036219873,19257.145615909307,17443.442969913365,16674.04532033651,16061.157225900228,25897.661129392764,17646.83097581633,14689.562445869129,16583.53212176209,15179.103596748993,15135.557473969115,17405.805509279282,19995.791881883695,17214.649696253287,13886.591085289607,18049.139031372826,13855.452440958752,17359.278623594942,14652.993879129735,13923.003689738494,20797.002264785886,28203.192532043628,24874.560984231703,24661.99130326786,20674.409180210336,20240.655646901072,26501.684435860698,24105.97562472802,30043.65770539342,23256.8077471567,23215.33442682279,32345.44298669816,26124.176373815142,27910.84673852658,23517.76320054011,30610.961268395982,26327.204451755726,23389.672424327702,23185.761142493884,24099.961474690655,27142.307581389592,24291.876147258423,24355.480119656284,24835.464554379854,22773.751382168568,17466.65398424163,23991.39063017043,29106.537257538268,29131.439634005797,16975.51404934934,22802.754341222535,22721.28878457815,23263.65141887091,25641.98040401073,18728.837946691358,16819.966327590617,23712.116071816,18276.328073728357,20792.58482469413,17383.181810390728,25246.105873958797
14,13602.836896393277,13809.17807591801,14572.620497862692,15144.425462852176,14194.590523974248,15584.22109412432,15928.800645379573,24991.493894264586,18588.86005368731,17772.456529674957,14964.463264370912,14835.315916984531,19215.956831937972,18625.10224819407,0.0,20333.41994138449,14678.847032768386,14987.314442242094,10981.782218322182,18776.498906477642,17054.443580501164,16265.01992733238,15602.674392041445,25502.891257049796,17168.468023827765,14189.603513183205,16165.008103444346,14708.208858547108,14664.270087442554,16942.79623520451,19633.854754107586,16755.3404474847,13403.942685168491,17590.53022717158,13369.006700526666,16876.21628863165,14159.840357772964,13452.47768284413,20481.20503739591,27719.451515517772,24414.324659976166,24199.32059361729,20232.631277137996,19785.87578692809,26097.525970106053,23672.808711096928,29594.692947339794,22796.082957968836,22760.832875586162,31903.65132920746,25756.214262471174,27535.09345511125,23115.348335009618,30210.648408839334,25896.791446330615,22957.13561334159,22743.652642549205,23665.434653893117,26739.04156071589,23865.948279918197,23854.801272583634,24418.08612028016,22320.634198613698,17032.376101100053,23533.993630547266,28638.634518151925,28704.012102205874,16503.609468975104,22397.3314099618,22254.38713214268,22784.019969622655,25233.389682078167,18350.818485577813,16388.613709349127,23338.262409491414,17800.21974728837,20319.39417375512,16915.450439481872,24825.80994489
15,15251.262101012708,15444.49837745932,16224.614142170247,16775.061717587443,15831.427023835999,17785.328682033574,17552.96630421609,26708.759442183946,20046.17295042117,19009.409862469965,16590.640139636293,16463.86863921225,20502.99733133841,20765.645257896977,20333.41994138449,0.0,16321.935106084411,16620.095151502028,12542.680735589509,20507.561285901,18793.166685278746,17865.717929632516,17262.109155577295,27086.6849742423,18857.776835915858,15837.921308750972,17765.538898650015,16360.658157047246,16290.870715773382,18523.085925643863,21215.696421257315,18396.910700436336,15033.089864876298,19180.584001449584,15109.886688161314,18518.870616063556,15808.090821672009,15157.828994989997,21927.668147500775,29334.68318457373,25995.65377424037,25807.472154397874,21803.25777441826,21375.946519333087,27706.190544320412,25236.77012299083,31122.184351243533,24446.22116547057,24411.79516700858,33445.55270949386,27304.837710546508,29008.401492269717,24726.02908022181,31735.046744349696,27473.47406562693,24569.861612144094,24379.41993930187,25260.67430574473,28253.09408816144,25380.63130903611,25357.13301150378,25991.1538249378,23863.460904724714,18627.788250529946,25020.94157632752,30201.381987381385,30246.63488378676,18129.459105326652,23947.813762063455,23872.586053448445,24376.40064474676,26799.697042199798,19956.601542116252,18030.48235246112,24861.441643462436,19427.044763788483,21936.063451390426,18518.42993677485,26400.78132826536
16,9256.696306423419,9446.533570758525,10285.766577400453,10740.730749996173,9864.473694437002,12098.575513103859,11461.021319031159,21119.10054108688,14536.284322021384,13725.048145943601,10487.239646292774,10137.183190277587,15224.89951632654,15161.975495646622,14678.847032768386,16321.935106084411,0.0,10428.686331679524,6831.189505582504,14868.979752434398,13040.465844711456,12166.280314139445,11539.196250129251,21461.63444165772,13132.236767901366,9970.021827734612,12068.51695909838,10541.773688749363,10476.846803380096,12852.612516842517,15543.298198566505,12629.599658572244,9225.488825902621,13443.794234296814,9337.99234286331,12756.16816148722,9970.91511217296,9368.030523972438,16467.208590018003,23526.523495157096,20249.338075926797,20022.72022300252,16035.82756939224,15589.300792279837,21927.839098752356,19550.8156819498,25468.634086706723,18648.50325490225,18587.60220828206,27756.941172539788,21657.271853310544,23431.763357939508,18955.879453374986,26171.31423780508,21787.812218429404,18873.21403784337,18624.062252233045,19595.06801108762,22642.38458573677,19723.981050467795,19734.988010355646,20302.69515521063,18169.69761760417,12894.515441553607,19414.643432262168,24495.159673849586,24606.273248787365,12373.928194130356,18274.395122759324,18070.2919680529,18596.570253718288,21106.13281922705,14207.175303292894,12269.43362732483,19203.220363784778,13604.534246193578,16148.425243571715,12771.563154142921,20715.325348034246
17,9608.497361552385,9814.240153289638,10553.830478632468,11134.630624543679,10203.802093428134,12405.138569818522,11489.201956077673,21416.920653484103,14832.707678859108,14025.131956122927,10284.73441154706,10343.483365645718,15508.667571050555,15432.979334914395,14987.314442242094,16620.095151502028,10428.686331679524,0.0,7125.974412870685,15158.630585382518,13348.270909752508,12464.323226464458,11845.404113942765,21748.189941882127,13409.530981283971,10219.811740755722,12369.359660171667,10789.403733535257,10736.038442500105,13166.184392984316,15863.585268066272,12950.862227865635,9508.39175302561,13754.179803548563,9636.690370451684,13101.423522375391,10283.987732135342,9685.209305163935,16753.426069601188,23859.635472822312,20565.61373099764,20343.474934530845,16363.984586901075,15914.311984958751,22225.601140376497,19864.633097274345,25770.026538665614,18937.834176726425,18905.11726338264,28060.464443357916,21994.45632668493,23734.129833528506,19261.464207080255,26466.678746629408,22090.671266611655,19185.82596815056,18928.23572496988,19912.13334143421,22947.583197098866,20035.656365494655,20077.011098707924,20601.457369022573,18515.039300172655,13193.170350218288,19738.70236227624,24793.094357028607,24902.203844314317,12699.180439195794,18575.74909807704,18394.790864016886,18893.992263440156,21401.10730807092,14530.727781287367,12572.529543317114,19513.09739508376,13921.741350999757,16455.272928377435,13094.320994763917,21006.020270393532
18,5728.747182673811,5928.029652641171,6724.864529745771,7269.465028402423,6308.234621590724,8405.661949632246,8075.360158160571,17413.940268319602,10845.307563965403,10032.899474724447,7102.41596153558,6981.984195780027,11455.888238356523,11465.719036219873,10981.782218322182,12542.680735589509,6831.189505582504,7125.974412870685,0.0,11158.97964586713,9362.349298067205,8474.309398329724,7871.235647820114,17735.617287652825,9408.105122141313,6342.575072589415,8396.206866683031,6882.886813611216,6796.554689557835,9170.062647182598,11876.187280401185,8936.396735582219,5548.669486428679,9742.692116401664,5631.669626152267,9105.031809248685,6307.030845824607,5666.845381484973,12753.955900700139,19892.47500412068,16580.498204368076,16353.47223426765,12385.602787965305,11930.115710337801,18285.601130163457,15861.26309894695,21765.301226561856,14950.2574507171,14911.91513562552,24052.22638163525,17989.48037293617,19733.209438156977,15298.072494385166,22474.11783467752,18090.57593327261,15178.980035450855,14957.655102883375,15908.768490439175,18939.70366704695,16068.928133187244,16108.80482122682,16615.668871855785,14530.345000139221,9193.582948020148,15769.220869887176,20821.252292905778,20896.720457142183,8678.738356486521,14559.042919621183,14396.608531069007,14950.804710224662,17389.030036193562,10522.475155182708,8570.71879912388,15498.474674033994,9951.37250693927,12459.837891337367,9080.728717075099,16995.468431766945
19,13768.046694682771,13981.308439427014,14710.608626482965,15322.452579903835,14359.570810314812,16143.4980506529,16085.490651038235,25307.792721594575,18675.658450662388,17911.784846921073,15135.807119873383,15031.733065027045,19357.916936279264,19257.145615909307,18776.498906477642,20507.561285901,14868.979752434398,15158.630585382518,11158.97964586713,0.0,17220.89407796273,16402.750105009287,15809.290302891273,25604.971017476175,17337.620302755797,14352.75940909047,16344.655447388923,14894.356399483984,14823.151402027861,17120.91647267367,19689.569419116546,16904.67468504733,13587.988736410252,17724.439358530137,13614.455762142481,17047.838000146523,14334.115430038692,13668.6027341378,20642.667772085053,27869.225028978733,24583.02704164005,24329.39012667248,20366.552183899163,19924.547836913705,26217.439865357628,23810.842411462607,29712.262629972327,22943.479793831717,22922.87455868156,31996.826224852804,25902.502205056793,27641.555092162183,23276.6542596636,30334.10346724775,26039.49076762723,23098.520616597427,22903.586412453995,23811.311499727755,26867.864306734526,23943.58302853812,23950.791215874633,24554.74531086247,22414.409374855593,17188.813265153338,23682.331380651347,28768.564308289304,28811.702591778976,16637.564147230038,22507.270226595603,22395.92031383435,22936.53262143111,25363.580995377008,18454.507646962877,16516.256123954525,23443.75282129502,17962.21399758714,20483.093855910487,17035.571130940512,24953.690062878835
20,11973.558405829912,12182.462341288576,12932.330261719339,13515.100719211072,12555.428050082668,14491.130412156557,14293.969573908355,23538.79382347643,17011.703436623673,16162.154215622642,13329.05503579271,13221.49270865071,17623.948058273945,17443.442969913365,17054.443580501164,18793.166685278746,13040.465844711456,13348.270909752508,9362.349298067205,17220.89407796273,0.0,14437.972813162725,13787.480769579191,23814.71485233778,15309.987173477233,12580.08876483846,14536.689898919873,13089.572011300876,13026.749153354578,15299.320228989922,18041.505494346853,15152.29152365411,11776.034491394124,15982.125646849494,11793.7745473315,15246.285905582534,12541.950109379786,11859.03645943716,18889.64444720676,26109.9374689412,22799.693537862095,22563.824682151007,18590.124639416437,18139.70911216085,24437.80736220228,22064.384958093644,27964.55187546161,21173.459556526494,21135.950086975536,30289.25320951336,24137.827463581252,25904.18775563363,21476.88869140543,28649.73327417911,24296.674904234336,21388.540265785083,21097.561814630044,22052.20916655004,25121.8571176941,22236.274266594013,22274.06784244923,22795.17436279439,20696.136496401694,15403.567716660114,21922.38806927173,27020.56204274735,27091.674204217827,14897.00778009795,20764.119595398635,20624.899277300072,21151.23814091452,23617.395484158427,16729.223286527144,14761.778645998804,21709.749294335557,16163.052741137413,18702.00303299509,15306.935490366319,23223.664421451456
21,11092.456386774156,11303.533514220107,12050.459351844913,12633.5005940168,11676.423277029453,13670.323306257365,13408.914350209216,22665.07427148109,16063.785726336253,15231.696727875084,12425.840785384227,12337.441605101982,16767.35533168474,16674.04532033651,16265.01992733238,17865.717929632516,12166.280314139445,12464.323226464458,8474.309398329724,16402.750105009287,14437.972813162725,0.0,12373.248047977217,22610.88422178921,14325.42176505372,11671.793783402163,13650.38577875983,12196.423782090269,12139.840706515135,14369.512952708865,17143.288546905616,14278.653039693583,10880.293270388656,15062.577003568058,10945.316200141595,14409.431202949903,11641.91134879134,10984.611319137712,18021.24219997845,25232.529641361274,21902.1223679542,21687.459413796925,17712.71732217869,17259.225803338588,23566.460584329885,21185.352282880598,27108.954733495855,20307.235519110043,20266.88526819652,29386.768095114232,23236.549679336516,24999.272133294868,20618.744598493802,27743.080424686203,23419.03999316107,20510.82083018764,20242.284462898137,21209.61674360779,24179.412075289772,21387.787384014697,21418.66650292895,21914.805490943363,19827.740727835622,14517.37344519569,21044.94871751018,26122.403487312367,26215.028201397745,14023.157366396172,19875.836333499978,19738.32283431699,20277.593108783884,22734.246923484323,15857.970005319487,13893.688009059231,20798.216706803323,15274.264922923263,17805.99398065624,14437.211449549224,22315.3034256016
22,10466.043758390035,10681.649135739579,11449.60779677313,12007.346642505587,11061.665304346614,13000.649722015882,12808.916828164942,22058.080561628864,15503.806390488913,14677.753784268401,11827.715716400178,11690.871742949917,16123.612267843271,16061.157225900228,15602.674392041445,17262.109155577295,11539.196250129251,11845.404113942765,7871.235647820114,15809.290302891273,13787.480769579191,12373.248047977217,0.0,22056.483695543557,13746.163944647038,11061.910398136657,13048.208942815503,11594.630330745842,11514.646880366976,13802.58321393831,16480.254279097433,13661.244212658377,10294.503300750992,14419.013231264267,10311.33395314456,13763.470919699319,11044.475762284075,10353.892258888727,17377.825058958246,24603.725879199177,21298.83638809275,21072.160659970366,17097.90474119765,16667.009969469877,22967.662616430436,20584.12622650108,26512.40287403878,19683.31585371342,19661.695138205087,28789.080408037575,22682.38532917149,24404.255315384733,20004.488129044737,27156.72650007407,22816.50876252811,19895.770974987467,19622.894502073446,20610.716741732147,23652.09494960017,20753.887642127305,20796.42062371775,21317.70580050667,19222.459006981062,13932.326397443001,20444.195654023762,25534.862252646843,25603.433166046132,13410.191518624526,19265.223963794648,19144.703474468166,19672.765214960535,22124.004987466884,15246.8312458828,13290.168565579459,20187.935357391212,14684.007310484538,17218.278062339352,13807.441900177002,21722.927657961485
23,20359.969400159902,20566.924776621006,21344.74334656825,21907.59806150449,20944.907365919815,22934.911675491443,22687.967448511994,31644.815053506885,25299.460990825817,24509.0568268448,21733.584850542014,21608.952109989987,26011.655584588243,25897.661129392764,25502.891257049796,27086.6849742423,21461.63444165772,21748.189941882127,17735.617287652825,25604.971017476175,23814.71485233778,22610.88422178921,22056.483695543557,0.0,23522.53208627914,20956.67559313685,22963.102993463704,21476.588536492975,21424.712931694256,23715.30439402567,26355.23130762906,23555.29253633373,20166.705452850558,24333.804572610756,20207.850181436195,23674.06957454546,20929.247286578222,20285.471185058235,27218.07441730536,34473.45397864584,31142.78342138933,30945.618543397268,26958.086819814667,26541.99586034458,32800.93554177898,30407.47498290134,36282.58968793896,29548.599477746695,29498.224678769802,38549.09870181157,32501.683796692007,34197.24674663767,29851.76646091661,36937.13694044473,32607.938500618075,29744.943899350703,29505.37811435458,30458.02573121172,33436.47321448731,30635.802706358296,30613.569074252446,31155.976938852942,29081.092200751817,23766.288398428784,30194.204334857,35310.21638632103,35393.96879689302,23295.235995247884,29118.672857486625,28989.783108846586,29479.441767739772,31967.64737588669,25109.67799158537,23179.711546237984,30033.229756789227,24549.9145146657,27067.288314951125,23688.50098367182,31523.9643583527
24,12026.880466476861,12239.064910152172,13004.89829352049,13576.815619647994,12613.242698133557,14592.485354219914,14359.80309573062,23651.917977505727,17011.269614582743,16278.315118579521,13386.467863205682,13284.921352786236,17736.288487147925,17646.83097581633,17168.468023827765,18857.776835915858,13132.236767901366,13409.530981283971,9408.105122141313,17337.620302755797,15309.987173477233,14325.42176505372,13746.163944647038,23522.53208627914,0.0,12636.887012798677,14618.697337242676,13155.83787239509,13079.842938199676,15379.665519111659,18081.225842917356,15201.956458316976,11845.127939207901,15964.324538758605,11874.288073132277,15349.013451380844,12609.799488183486,11955.996893114367,18971.858133136615,26153.88587842339,22858.57455419331,22614.370828378713,18637.05670725542,18189.325557529977,24532.56853862942,22137.298965320413,28037.816611676655,21231.49274123177,21188.998970884728,30297.539831986458,24221.77312864498,25983.625429669482,21548.91836908254,28720.783497452743,24331.79816919115,21429.39159436141,21199.132920506134,22161.59603466562,25198.23681216209,22298.08027029374,22328.054899278814,22860.763418077007,20750.438661466855,15441.214445043075,21975.27817940733,27081.80660232651,27145.735833288552,14918.625609403907,20801.412191852618,20684.457060679197,21227.641592755706,23650.207353285557,16772.118335906394,14825.09175391069,21760.947237231823,16234.646350091893,18746.620005151806,15337.83563251603,23239.365338434265
25,8909.985316424232,9106.855236466536,9864.526881980382,10463.718846309765,9500.94133552153,11612.093369845168,11173.881281599917,20628.9080991668,14043.64763341969,13245.75934767197,10187.604623952087,10090.08938433835,14734.33458335721,14689.562445869129,14189.603513183205,15837.921308750972,9970.021827734612,10219.811740755722,6342.575072589415,14352.75940909047,12580.08876483846,11671.793783402163,11061.910398136657,20956.67559313685,12636.887012798677,0.0,11568.180244517767,9842.099147596518,9966.411574673713,12361.102783489394,15067.477173516063,12161.24143036863,8594.86680310492,12953.37522313916,8834.93124073814,12272.832107673927,9301.902143680083,8889.761075427134,15951.954053643953,23070.530279022467,19781.721047538555,19550.02282813225,15545.218694721585,15110.473971737178,21472.6230616604,19068.27428994815,24994.33203926513,18163.443744623524,18127.00902585884,27269.44564935408,21162.385985738103,22926.428784966476,18443.56413419999,25659.746446208734,21301.487864441235,18370.622243494578,18119.617847070145,19082.38256038164,22127.838141585416,19237.89423201921,19272.00313446479,19812.046949625266,17692.75431365979,12416.851590709772,18951.12636660748,23977.343506872316,24123.42072191828,11913.20187110867,17785.100309272853,17572.329184363265,18090.526535214725,20613.76252763855,13747.017432127448,11792.159230449635,18711.618465640713,13143.066817894969,15651.18676756554,12303.804550579069,20214.240858106987
26,10995.637849154684,11210.895693221944,11954.869960110667,12551.328082451026,11589.045430764661,13649.849272526448,13308.224892417955,22632.171147256897,16021.640137052531,15238.61924208985,12331.745932011616,12211.841765423253,16699.74928127354,16583.53212176209,16165.008103444346,17765.538898650015,12068.51695909838,12369.359660171667,8396.206866683031,16344.655447388923,14536.689898919873,13650.38577875983,13048.208942815503,22963.102993463704,14618.697337242676,11568.180244517767,0.0,12101.047304041722,12041.115808469365,14403.68153466644,16769.201520830797,14171.856656999216,10787.43154543286,14600.239169296818,10825.909178900696,14056.283222708986,11546.534094356834,10888.960063129387,17768.57530543365,25128.3983461701,21813.55972705433,21595.64418756931,17564.80056059214,17130.34585105767,23515.227374034846,21069.437740657864,26992.84615072364,20204.053928547317,20170.97549240491,29269.863040656528,23132.47948472909,24893.191204692648,20508.06716531203,27613.896021512304,23323.897521138013,20390.810566103282,20180.760948094012,21111.922552691496,24097.535858664192,21250.760592030216,21247.771702554674,21813.967402174905,19683.94209120756,14418.093253573172,20943.7669258299,26054.37389193883,26088.214404068854,13890.299471868579,19776.098488039264,19661.41779831305,20186.091996273983,22609.997758102625,15706.507154418397,13761.513152653797,20726.085107326668,15196.095165246372,17731.794055202667,14295.658015094983,22192.933321439923
